1773	186.51099830795263
901	297.26859045504995
263	435.6131178707225
4064	88.23351377952756
361	363.96675900277006
853	161.07854630715124
292	444.50342465753425
293	330.9325938566553
343	571.067055393586
1	370.0454154316856
287	336.12775842044135
262	371.32519083969464
10	712.2210826210825
574	165.41811846689896
1143	147.76902887139107
231	452.1012987012987
668	164.1556886227545
212	338.33876500857633
380	322.4407894736842
383	72.66318537859007
27	736.9831649831652
453	158.25386313465785
31	647.4536290322577
1173	128.63000852514918
1960	117.1015306122449
2386	111.3243922883487
256	415.3681640625
839	169.28188319427892
223	273.74439461883406
248	429.89213709677426
9	658.9205395299143
432	214.36805555555554
672	174.76934523809524
984	109.90752032520325
1216	146.1340460526316
45	551.1037037037038
191	452.890052356021
1330	245.23233082706767
211	481.57413676371027
270	580.3555555555555
1035	278.2599033816425
172	464.1754756871036
489	317.8394683026585
288	406.9982638888889
113	413.59327433628323
912	143.74890350877192
915	300.5715846994535
2089	119.7070368597415
136	384.8357843137255
640	177.928125
35	592.643731778426
719	292.22253129346313
502	177.699203187251
360	432.2736111111111
373	459.58802502234136
311	333.7154340836013
509	282.6208251473477
847	333.8665879574971
168	387.16322055137846
435	173.49655172413793
628	378.63375796178343
207	307.47430830039525
836	110.26794258373205
197	378.7979695431472
657	178.73211567732116
1104	148.94746376811594
309	366.51521035598705
249	313.26807228915663
147	487.92356942777104
200	252.10699999999997
246	304.92845528455285
892	294.59304932735427
911	134.01317233809002
64	596.0198863636364
153	411.4871001031992
354	184.21468926553672
237	403.996835443038
682	173.52003910068424
13	711.1153846153844
1072	147.60261194029852
234	316.4555555555556
416	288.5805288461538
2	536.9764077453817
178	542.0758426966291
596	392.4010067114094
161	504.57312252964425
241	610.4813278008298
91	528.8755326306344
624	319.875
3297	94.9878677585684
307	422.9674267100977
391	208.03324808184144
80	529.4516025641026
329	202.5273556231003
2475	111.77010101010102
164	489.8973577235772
333	187.05405405405406
871	263.89322617680824
196	475.03293135435985
251	608.1822709163347
1309	137.77234530175707
156	455.8489010989011
66	470.42857142857144
126	499.8086419753086
533	419.3733583489681
353	407.780925401322
81	530.591416813639
108	487.70331790123464
729	160.9156378600823
320	534.59375
47	608.3714931274712
145	525.4000000000001
274	298.95574817518246
1875	128.2272
358	419.1326815642458
403	241.2109181141439
328	258.12369337979095
425	500.8211764705882
3238	98.49413218035825
129	429.04418604651164
2397	109.48977889027951
362	293.957182320442
72	458.5645161290322
255	441.9788235294118
173	393.54545454545456
346	204.14739884393063
1105	135.69864253393666
606	240.13201320132012
749	136.96795727636848
88	462.29879679144375
92	512.3415458937196
14	680.292097264438
488	434.40368852459017
57	514.3055895552836
122	513.6215846994536
111	341.81297297297294
334	394.9245508982036
69	478.12909698996657
96	532.2879704301076
112	473.53316326530614
419	295.56085918854416
665	285.3172932330827
1270	135.46850393700788
366	302.25409836065575
770	274.7207792207792
244	514.6188524590165
1312	131.7858231707317
42	604.3962446767322
759	166.46376811594203
512	150.63671875
133	448.0439256034823
782	159.00639386189258
84	470.69480519480527
946	112.28329809725159
645	193.45891472868217
475	283.3136842105263
1235	135.93117408906883
626	155.4041533546326
103	456.63713592233006
1553	127.89761751448809
496	247.07056451612902
160	378.69062499999995
313	176.08945686900958
886	272.2178329571106
5053	79.26142885414605
564	299.48758865248226
371	284.53504043126685
119	653.6514431859702
393	364.6649703138253
176	285.3409090909091
543	140.31675874769797
691	362.20260492040524
392	210.45408163265307
85	494.5217510259918
547	166.9908592321755
184	448.91576086956525
169	467.9615384615385
299	366.1418060200669
601	153.8369384359401
105	505.6333333333334
395	167.20379746835442
139	427.4223021582734
324	189.3724279835391
252	351.1952380952381
305	459.8098360655738
226	636.0722713864307
411	288.79562043795625
556	184.20863309352518
238	346.3941176470588
259	330.4153337010479
25	644.5606866952791
159	550.5366876310272
933	162.59378349410503
75	488.45371428571434
12	643.7533983451535
447	182.64653243847874
314	153.2484076433121
498	431.6184738955823
93	576.5553997194951
186	419.1658986175116
19	665.5638215774044
352	123.90056818181819
987	301.7163120567376
20	646.738556338028
261	511.36653895274577
283	369.0487632508834
437	385.63463005339435
266	372.98746867167915
30	669.9737967914438
268	297.32835820895525
440	171.38863636363635
835	347.17844311377246
148	545.6351351351351
101	504.1284653465347
11	729.7576241649726
312	528.2735042735043
386	169.28065630397236
144	402.08662280701753
700	162.35142857142858
883	155.93204983012458
875	168.50628571428572
356	534.9719101123596
1031	124.52279340446168
414	129.05555555555554
469	203.66524520255862
381	160.73228346456693
490	477.9214285714286
758	346.46569920844325
181	480.21249468763284
327	391.39449541284404
128	385.53125
310	340.3290322580645
388	500.2113402061856
406	340.0344827586207
506	272.70948616600793
571	109.63572679509632
162	381.96801346801345
560	184.42678571428573
428	195.09579439252337
413	170.93946731234865
431	203.7494199535963
964	155.11203319502076
531	395.21280602636534
817	145.45532435740515
2930	103.55494880546075
110	595.7360795454547
1041	147.73294908741596
250	359.38933333333335
279	175.89068100358423
664	185.99698795180723
540	452.18333333333334
376	279.46631205673754
1320	140.87272727272727
3919	90.68002041337076
499	222.812124248497
1020	104.03627450980392
542	119.99815498154982
28	606.0104529616729
335	225.05174129353236
676	131.09171597633136
1022	143.02446183953035
99	536.3359307359309
445	196.46741573033708
477	367.6310272536688
650	335.2307692307692
5	658.0989999999995
149	421.51379567486947
218	549.7905198776758
227	317.15932452276064
891	292.21436588103256
1922	91.78251821019771
46	573.0782182438193
402	413.38557213930346
4	613.9364386220282
141	511.24349881796684
456	385.2609649122807
474	276.0098452883263
217	347.2350230414746
390	431.074358974359
2453	112.8817774154097
117	437.7145299145298
363	195.41046831955921
468	364.80982905982904
467	280.1252676659529
589	270.79286926994905
73	569.9459665144597
51	584.3947316300258
152	341.03596491228075
446	419.8856502242152
135	369.7851851851852
273	416.11135531135534
418	166.21052631578948
213	409.6455399061033
720	180.61111111111111
1936	122.44886363636364
937	161.5314834578442
199	465.8668341708543
1112	133.50989208633092
225	324.4144444444444
1868	128.27248394004283
910	147.57252747252747
219	415.5288501452885
158	498.76215856095934
578	185.37543252595157
516	136.75581395348837
154	346.3300865800866
706	387.44617563739376
348	320.8729885057471
95	508.1393188854489
421	506.06413301662707
832	241.35997596153845
142	474.83054577464793
349	491.7048710601719
463	158.57667386609072
2000	122.574
442	171.97737556561088
267	461.0943820224719
281	311.9154804270462
239	253.68305439330544
481	472.2910602910603
605	184.7702479338843
615	368.6292682926829
1711	132.27995324371713
308	245.57251082251082
338	236.89644970414201
417	143.89928057553956
461	468.7223427331887
906	157.20971302428256
17	668.4530882352941
54	609.6926974143955
487	345.2145790554415
127	509.78637452927074
767	160.84354628422426
494	456.19838056680163
544	190.85294117647058
78	414.1798076923077
132	428.226893939394
163	434.3934049079755
7	641.8733129615484
387	195.43669250645996
278	472.6115107913669
341	479.5689149560117
347	277.5965417867435
192	537.9752604166667
86	499.3159757330639
71	494.5843058350098
272	247.53125
55	608.8480325644505
104	410.41783216783216
545	381.3614678899083
301	351.641196013289
65	526.7017221584385
451	362.3392461197339
804	152.976368159204
409	111.81662591687042
617	172.49108589951376
1059	144.3399433427762
1702	126.76674500587544
48	576.8736842105262
115	494.7978260869565
22	640.3294283036552
205	299.059756097561
76	530.2221742881794
426	441.2018779342723
210	434.0190476190476
427	356.864168618267
230	578.1456521739129
185	508.7061425061425
276	350.91485507246375
107	378.8668224299066
588	140.6326530612245
202	356.67871287128713
528	148.94886363636363
980	140.43571428571428
253	606.4901185770751
1437	131.89422407794015
198	543.2343434343435
1306	147.52679938744257
686	357.7930029154519
790	343.82025316455696
441	357.33106575963717
367	282.5735694822888
805	152.5527950310559
1506	136.33532536520585
874	158.9954233409611
955	141.07539267015707
486	476.6028806584362
18	690.1854551344346
2210	114.96696832579185
201	492.2219670876387
77	542.9090909090909
298	216.21812080536913
500	178.972
295	450.8389830508475
623	328.37720706260035
52	511.20355973813423
124	543.5875
443	145.27539503386004
591	269.005076142132
296	300.23648648648646
699	348.3533619456366
593	166.77234401349074
999	155.24724724724726
632	101.71518987341773
282	172.09432624113475
351	318.5
179	547.3335993615323
384	204.0390625
504	196.87896825396825
454	215.56167400881057
106	564.4358490566037
638	178.1818181818182
260	305.64307692307693
100	347.59130434782605
382	210.40575916230367
1133	152.6593115622242
1640	207.75731707317073
87	513.9422262552933
538	168.96778190830236
1671	115.43207660083782
56	634.7125576036867
379	207.41160949868075
407	265.29647829647826
2502	87.78976818545163
24	661.1440422322776
462	425.9025974025974
331	603.250755287009
510	192.05490196078432
715	384.35524475524477
350	572.9485714285714
674	345.9985163204748
727	233.31911966987622
150	471.92952380952374
215	268.2558139534883
330	541.1666666666666
1981	113.81120646138314
708	187.18926553672316
257	327.6871595330739
61	527.6351847320774
138	585.1096618357489
277	269.865523465704
507	183.439842209073
323	298.6800825593395
607	178.8533772652389
478	469.1610878661088
345	571.4579710144927
130	557.2376068376069
1186	135.6441821247892
21	635.9102806685587
90	547.8306233062331
1832	119.73198689956332
472	207.5084745762712
240	413.1158333333333
171	622.9941520467836
174	565.7126436781609
89	526.2902621722848
611	422.126022913257
586	414.4112627986348
505	442.6217821782178
491	191.3414799728445
781	170.1293213828425
814	152.75184275184276
177	360.6070878274268
245	392.3869387755102
526	168.98859315589354
167	412.0695532012897
631	168.03169572107765
684	170.09941520467837
123	486.0480735242135
1176	136.1267006802721
242	433.8202479338843
557	268.59245960502693
568	163.0193661971831
1654	127.07436517533253
195	468.64981684981683
50	533.2680733944954
965	130.63678756476685
58	527.6842963653307
229	454.61426491994183
385	205.2
503	197.00596421471172
337	132.60830860534125
4962	80.94336960902862
34	713.8009487666037
49	563.2997689641894
60	541.2096491228071
484	170.26652892561984
369	214.61314363143632
629	178.35294117647058
394	195.38730964467007
194	334.03350515463916
222	483.22972972972974
399	157.47117794486215
143	447.1552447552447
297	345.1225589225589
94	508.92420212765956
420	185.65357142857144
479	162.74947807933194
659	143.9195751138088
120	482.9473484848486
777	164.52767052767052
748	176.47994652406416
1311	145.55911517925247
961	279.4349635796046
483	155.72049689440993
43	551.4170069234867
3592	94.20740534521158
36	590.7746710526317
82	442.9867444326616
224	377.21279761904765
33	715.2683122616899
40	620.5170168067227
2377	111.1497686159024
157	402.2802547770701
838	157.3090692124105
134	429.939120188531
518	138.64864864864865
569	116.80843585237258
83	507.3713678242381
319	438.9310344827586
1086	154.3084714548803
269	513.6988847583643
15	622.4575624082236
16	707.1750304136253
189	377.5978835978836
576	185.21354166666666
1101	109.26158038147139
284	268.7957746478873
300	268.50666666666666
206	272.9116504854369
1174	259.82708688245316
70	590.1063829787234
423	325.71513002364065
452	348.0486725663717
247	425.42105263157896
166	307.4603118355776
203	286.1482310792656
137	436.9795620437957
221	283.0135746606335
436	335.4724770642202
220	477.8809090909091
412	372.0376213592233
29	608.0173366355499
208	304.4895833333333
744	141.08870967741936
8	685.7362472766885
187	395.95454545454544
834	158.53956834532374
325	360.19876923076924
561	185.72549019607843
41	606.7067542213885
3	575.3288758425739
1119	141.8489722966935
340	315.77647058823527
470	255.85531914893616
760	363.51973684210526
63	481.07301587301583
79	480.5606621226876
121	455.49849737039807
525	313.5314285714286
1347	139.97624350408316
975	154.02358974358975
243	438.8395061728395
2202	118.52270663033606
303	286.3047304730473
233	319.6034334763948
740	167.2081081081081
1845	129.3289972899729
193	451.97668393782385
3144	99.32697201017811
374	48.024064171122994
2090	121.40717703349283
460	475.1217391304348
68	567.6785067873304
32	625.3977564102564
131	427.7575213291424
275	373.4909090909091
291	528.6769759450171
37	573.5831831831832
1157	111.88159031979256
400	382.9708333333333
1697	126.46847377725398
39	701.3957816377174
62	541.8636534133532
2267	115.92104102337892
1267	142.92107340173638
6	622.0743312757196
26	692.4745657568237
1063	125.2859830667921
457	419.6542669584245
140	518.6632653061226
914	146.49124726477024
459	128.40305010893246
146	334.29346680716543
372	325.39112903225805
44	573.3470066518848
116	550.9581280788176
170	438.24823529411776
2448	112.35620915032679
165	442.14772727272725
322	398.2519964507542
254	417.38681102362204
204	204.9911764705882
1102	148.5589836660617
1161	148.41688199827735
570	175.5456140350877
235	319.15460992907805
670	261.02910447761195
59	628.1857441374507
316	244.96281645569618
102	483.2027197975965
265	398.21239892183286
318	561.8144654088051
125	437.20909090909083
786	161.92239185750637
175	428.62195488721795
396	182.39393939393938
67	447.73207731832633
151	358.0128311258278
290	507.7189655172414
1328	140.335843373494
2242	115.03835860838537
214	377.19328802039087
378	201.52645502645504
332	135.75
236	432.6388888888889
336	301.2609126984127
182	294.40769230769234
800	89.1025
286	369.9195804195804
2025	123.50469135802469
398	362.05904522613065
264	567.7168560606061
74	534.6213963963963
466	486.6266094420601
232	363.5437665782493
155	497.17225806451614
1940	123.5
38	553.102722323049
53	632.3107081597649
630	160.0031746031746
190	557.7732057416267
541	423.1127541589649
180	301.46153846153845
289	162.70818915801615
118	504.9197269303201
209	336.09637730690355
23	676.2200693131701
558	296.247311827957
368	392.67934782608694
188	598.3957446808511
216	246.93827160493825
97	560.4077153308946
515	148.7378640776699
258	227.08333333333331
389	514.9254498714653
306	351.68899782135077
405	370.05596707818927
98	527.6809156094871
114	584.2127192982456
183	397.3427010148322
109	416.08003796267
228	410.51236044657094
636	176.75471698113208
