1879	917.4353379457158
1852	656.8866090712743
239	2766.322175732217
784	1504.1020408163265
1164	1184.045532646048
5342	366.1078247847248
222	2825.894465894466
1195	824.5941422594142
548	1868.7609489051094
837	1400.4874551971327
350	2320.613714285714
147	3111.287807430665
834	1402.9484412470024
916	1310.2762008733625
288	2507.4114583333335
358	2301.6474860335193
447	2059.719798657718
5269	370.7232871512621
1673	850.7495517035265
13	4489.210059171598
971	1275.313079299691
3683	423.28753733369535
2109	845.5680417259365
1186	1117.349915682968
719	1309.3887343532683
1123	1153.659839715049
160	3156.0687500000004
1346	1133.275631500743
93	4127.905376344087
521	1509.4126679462572
659	1479.4845725847244
233	2813.880364806867
536	1825.8283582089553
1602	902.0387016229713
73	4289.283818493151
539	1864.9944341372911
3950	504.3772151898734
1760	911.7414772727273
156	3091.890109890109
382	2216.8385689354277
750	1513.06
390	1858.8615384615384
174	3229.7320954907163
1891	890.97673188789
602	1615.6611295681064
937	1276.6371398078975
1641	687.8226691042048
411	1987.8272506082726
11	4181.009324009325
337	2232.5802835476425
1888	912.5349576271186
2163	824.3254738788719
289	2500.558477508651
296	2429.6587837837837
315	2395.9992063492064
655	1736.3862595419848
90	4014.442810457515
1260	1162.1214285714286
388	2213.571305841924
5400	391.27907407407406
195	3080.929914529914
1128	1224.6307624113474
1324	1092.2114803625377
2498	744.7093674939952
502	1931.5577689243028
939	1354.4866879659212
5214	331.505945531262
868	1363.8006912442397
398	2176.337939698493
625	1680.424
1345	1032.4698884758363
717	1580.2566248256626
501	1347.0299401197606
1122	832.3538324420678
212	2596.26572327044
626	1700.8075079872206
1014	1101.1259040105194
4363	456.8313087325235
847	1387.875442739079
5520	316.4409420289855
1423	1092.794096978215
5613	367.4284696240869
272	2609.733823529412
5601	312.7129084092126
3096	476.3013565891473
49	4326.7906273620565
148	3162.493243243244
5585	343.8633840644584
517	1133.269825918762
448	2060.262648809524
633	1680.0363349131121
627	1670.9170653907497
2814	665.9907604832978
3172	547.423392181589
241	2525.3098201936377
234	2726.8878205128203
2330	567.7317596566523
102	3665.1672433679355
778	1552.082262210797
3052	479.5465268676278
386	1767.1353626943005
4829	419.26755021743634
4239	432.1995753715499
1492	741.8900804289544
1831	792.8978700163844
227	2809.28067967275
399	1585.733082706767
347	2350.006484149856
1906	647.310073452256
3080	633.726948051948
555	1889.4396396396396
1151	1222.653344917463
2595	724.7780346820809
1053	872.9629629629629
1351	1129.2686898593633
1662	696.8519855595667
46	4358.317546583851
76	3966.8626315789484
356	2323.328651685393
1479	927.7525354969574
3696	425.09929653679654
4375	463.36845714285715
1818	895.5346534653465
1246	1062.7969502407705
1918	741.8858185610011
435	2004.6153256704984
757	1481.2518714222808
612	1648.7984749455338
1304	1029.9624233128834
67	4497.567164179105
1417	754.8214537755822
2001	631.4977511244377
219	2915.360730593607
4261	383.7143862942971
2464	713.3084415584416
1321	1015.2293716881151
3007	625.2707016960426
930	1425.6956989247312
1076	1173.8299256505577
1765	862.156940509915
1612	961.1684243176178
251	2042.1912350597609
499	1136.9659318637275
845	1506.9869822485207
444	1855.734984984985
2117	782.2026452527161
280	2513.3595238095236
823	1177.6773997569867
1412	1076.293909348442
926	1342.1166306695463
1275	1013.7180392156863
1783	896.8648345485137
211	2845.470142180095
96	3498.5475260416665
139	3103.966598150051
2153	606.4101254064096
1214	1129.8822075782537
308	1913.4545454545455
443	2077.242287434161
590	1454.3282485875707
724	1573.5220994475137
886	1347.3250564334087
2887	659.2833391063388
284	2388.8280516431923
730	1516.468493150685
2255	708.2332594235033
373	2255.465147453083
450	2041.2911111111111
143	3340.76541640178
187	3123.085561497326
1220	1003.1
52	4577.927564102563
245	2688.557551020408
610	1717.52131147541
1625	677.5292307692308
425	2107.7764705882355
997	1354.5366098294885
89	3806.9954034729312
574	1800.2526132404182
2565	726.0608187134503
113	3485.5050568900124
523	1899.1132887189292
927	931.1704422869472
733	1521.7448840381992
376	2216.369680851064
421	2132.2636579572445
727	1245.1169188445667
608	1682.3404605263158
592	1082.785472972973
106	3785.0719339622638
1363	1055.7857666911225
496	1520.930443548387
695	1561.0071942446043
1368	942.7171052631579
15	4561.129292929293
182	2835.6153846153848
549	1817.166363084396
748	1503.49064171123
519	1787.257225433526
1257	1068.3579952267303
473	2036.7378435517971
1659	919.1820373719108
520	1892.5057692307691
8	3995.0364583333335
2487	748.3462002412546
589	1745.7062818336162
486	1975.5396090534978
568	1826.8720657276997
2258	700.2007676409802
369	2001.8285907859079
851	1346.2726204465334
242	2625.686540731995
670	1354.6930348258704
1093	1293.2891125343092
524	1843.6412213740457
179	2786.7188081936683
546	1831.6222527472526
4005	400.3842696629213
23	4952.086956521737
419	1383.0437549721557
1364	991.0689149560118
2626	524.541127189642
2638	679.2482941622442
1421	748.6741731175229
4789	352.78492378367093
1551	878.7724049000644
295	2559.4
584	1727.583904109589
458	1177.6724890829694
1206	1066.6567164179105
254	2740.029921259843
354	2148.2909604519773
1215	1072.7967078189301
305	2146.05737704918
107	3828.585341859321
1548	1038.7548449612402
264	2425.5575757575757
31	4917.810752688171
996	1214.2359437751004
205	2600.370731707317
18	4292.339793281653
29	4807.150204558739
774	1507.7222222222222
1205	811.58132780083
1590	924.4062893081762
721	1539.0887656033287
221	2235.554298642534
3486	514.2507171543316
4462	465.8538771851188
1107	1210.3450767841011
1619	781.8060531192094
469	1396.221748400853
483	1827.0672877846791
5182	332.6038209185643
925	1420.4243243243243
177	3182.272316384181
309	2364.4362459546924
1034	957.1025145067698
491	1155.8533604887984
349	2271.0097421203436
2374	765.3508845829823
540	1567.0583333333334
10	3948.8139534883708
324	2282.605967078189
394	1934.2631133671741
862	1471.6212296983758
2113	704.9777567439659
995	1273.7628140703519
614	1698.1612377850163
266	2679.486842105263
1565	1041.311182108626
3854	412.95147898287496
2282	794.5359333917617
339	2346.3215339233043
304	2382.6315789473683
1224	981.593954248366
793	1459.5226986128625
198	2864.5606060606065
4395	393.17087599544936
1117	1157.44315129812
202	3004.2074707470747
65	4329.869230769231
1713	969.7267950963222
1709	673.2720889409011
253	2710.2150197628457
518	1868.1447876447876
1651	868.7359176256814
789	1427.7769328263626
858	1392.6975524475524
2951	642.0149101999323
1208	1139.396523178808
1375	1040.5047272727272
36	4467.306878306878
2995	487.3288814691152
1251	790.2781774580336
1806	901.4551495016611
526	1948.3003802281369
1031	1282.6702230843841
1816	916.6172907488987
236	2680.968220338983
120	3499.7229166666657
831	1446.2045728038509
833	1470.5594237695077
944	1286.6112288135594
158	2857.0075949367083
508	1908.8720472440946
3	3302.676616915423
137	3385.8296836982972
1192	1165.0973154362416
133	3307.7866541353383
857	1490.614935822637
1235	1164.4777327935224
1161	1246.095607235142
522	1848.4597701149426
97	3811.3407487791646
684	1534.6220760233919
223	2804.042600896861
39	4666.175313059033
567	1550.8112874779542
35	4526.815306122448
509	1930.4616895874265
498	1915.3373493975905
1326	1087.9234539969834
192	2906.0364583333335
157	3017.521713954835
641	1683.43135725429
1440	815.0381944444445
493	1908.7227856659904
2130	774.7638497652582
348	2007.613026819923
1106	1286.2929475587703
1179	1238.6022052586939
875	1436.510857142857
310	2289.453548387097
986	1156.7569303583502
478	1987.9504881450491
628	1648.7125796178343
507	1712.2186061801447
53	4409.591411841249
1066	1238.0093808630395
1082	1058.2513863216266
1279	1114.3049257232212
821	1444.5176613885506
1055	1191.3526066350712
790	1442.372151898734
763	1496.4574049803407
1358	1048.3873343151693
1781	810.3340819764178
652	1707.0521472392638
562	1721.581850533808
5119	411.2783746825552
3229	590.406317745432
513	1888.2696556205328
883	1349.5056625141565
824	1325.5776699029127
37	4631.783108108108
1624	864.8700738916256
904	1331.2594026548672
467	1983.1755888650964
1685	980.6385756676558
761	1577.6360052562418
913	1264.3026652062795
180	3014.8782828282824
804	1312.8376865671642
5356	324.5845780433159
340	1991.1725490196077
512	1924.4013671875
1290	1173.5372093023257
255	2401.576470588235
1219	1189.7538966365873
533	1663.4362101313322
1139	1140.0913081650572
432	1792.7793209876543
1126	1265.0266429840142
583	1778.8187535734705
678	1306.2330383480826
3882	413.5579598145286
58	4340.527252502781
603	1797.0199004975125
1079	1005.4921223354959
3332	496.6197478991597
660	1346.834090909091
163	3131.428220858896
344	1999.3953488372092
566	1634.9081272084804
970	1270.7711340206185
644	1579.320652173913
1359	857.429727740986
815	1438.4552147239265
1467	1070.1745057941378
78	4011.7948717948716
393	2199.422391857506
1607	1017.8226509023024
527	1732.3927893738141
1243	807.7980691874498
95	4002.3654135338343
2438	593.863412633306
2528	546.5541930379746
151	3174.0640176600446
846	1142.3894799054374
25	5120.288205128206
881	1387.0900491865305
439	1163.6560364464692
814	931.7567567567568
481	1743.6652806652808
162	3163.379910213243
938	1315.2036247334754
131	3509.3619592875316
329	1713.310030395137
920	1326.4804347826087
620	1755.2322580645161
874	1377.8157894736842
1748	898.3129290617849
48	4701.400390625001
152	3417.2080592105267
656	1646.2263719512193
882	1353.6196145124718
323	1883.7120743034056
786	1458.0814249363868
362	2267.5151933701654
2120	838.2292452830188
332	2414.8719879518076
696	1632.6196120689656
1734	934.7549019607843
355	2297.5225352112675
742	1511.3935309973047
225	2747.9937777777777
5494	321.5438660356753
728	1594.246565934066
623	1633.8180845371855
1189	1216.1126997476872
1981	859.8874305906108
110	3721.7043478260875
820	1428.3756097560977
1212	1164.473597359736
960	1223.7713541666667
597	1707.8969849246232
258	2717.373062015504
1838	867.0701849836779
307	2479.3957654723126
460	2008.1978260869564
1048	1060.211354961832
1065	1005.3300469483568
734	1282.884196185286
1250	1186.3376
306	2461.1560457516343
836	1493.2105263157894
867	1264.7929642445215
563	1782.5399644760212
191	2963.905759162304
1190	1140.2453781512604
1561	864.4292120435618
919	1367.8971708378672
653	1457.9581419091373
1114	1213.5466786355476
262	2687.900763358779
1096	1123.1806569343066
276	2458.230072463768
391	2179.6349104859332
101	4010.747524752476
396	2184.7676767676767
24	5202.22596153846
185	2916.1220077220073
879	1336.792946530148
675	1641.854074074074
729	1591.4389574759946
415	1985.821686746988
434	2090.8248847926266
26	4917.403846153845
1534	1043.9198174706648
622	1489.0300107181135
1671	759.1376421304608
1787	949.1259093452715
2353	569.9460263493413
17	4425.68552036199
270	2611.662962962963
80	4325.197023809524
682	1674.340175953079
516	1900.3323643410854
2152	803.2267657992566
1277	1100.2766901592274
169	2949.5017751479286
477	1901.0363382250177
479	1984.2807933194154
70	4321.368085106383
843	1393.88256227758
116	3427.247536945813
87	4093.426819923372
380	2055.990601503759
2683	669.8989936638092
2477	746.1893419459024
257	2727.343385214008
758	1351.9752638522427
28	4773.836538461538
136	3532.406045751634
1387	1054.5039653929343
854	1225.8477751756438
463	2023.0151187904967
244	2576.498975409836
74	4325.905945945947
124	3391.7389112903224
785	1361.9031847133758
3892	511.67548818088386
643	1635.4949455676517
688	1549.9447674418604
7	3667.6239067055385
86	4242.164244186047
849	1374.0129564193169
1523	1003.967826657912
871	1371.532721010333
876	1407.8139269406392
286	2575.536713286713
541	1817.8096118299445
911	1373.6915477497255
1200	1219.6866666666667
172	2967.083333333333
892	1133.1808669656202
706	1383.2275731822474
196	2901.8231292517007
1971	635.8670725520041
2235	588.255033557047
472	1883.9221398305085
207	2593.486714975845
408	2207.3651960784314
186	2954.951612903226
294	2175.6108843537413
235	2655.34609929078
343	2203.068221574344
3527	567.8225120499008
929	1293.7039827771798
1187	1136.6599269868013
2027	861.3695115934879
409	1962.7599022004888
809	1403.2694684796045
819	1261.9318681318682
57	4336.9349179400115
642	1675.5576323987539
226	2874.8508217446274
5390	322.67421150278295
654	1699.9021406727827
1459	1077.815627141878
830	1472.5933734939758
2020	866.4861386138614
331	2299.955232079099
798	1457.5037593984962
893	1431.404255319149
153	3340.584076054664
66	4326.092074592075
1232	1127.9586038961038
607	1681.7874794069194
1051	868.3529971455756
1238	1182.4281098546041
1163	1096.0051590713672
123	3745.7673545966218
895	1216.9374301675978
2358	570.0542832909246
351	2325.6381766381764
406	2177.229064039409
155	2998.447311827957
630	1671.2099206349208
1	3172.5576923076924
62	4496.201612903226
5434	319.5218991534781
108	3579.182461873638
4583	364.77940213833733
50	4549.58303030303
4807	351.9361348034117
1360	921.7830882352941
2012	768.2405566600397
71	4234.030684104627
1230	1028.3495934959349
901	1352.387347391787
41	4769.268292682927
1968	628.4344512195122
569	1764.6713532513181
379	1856.0131926121373
979	1282.1807967313584
263	2309.3465507876153
722	1574.6689750692522
217	2601.4258064516125
413	2159.0986682808716
119	3587.187114845938
588	1739.7755102040817
85	3781.737556561085
700	1593.1592857142857
848	957.1521226415094
1601	874.788257339163
298	2483.152125279642
989	1186.8840579710145
581	1830.0636833046472
16	4491.822916666667
903	1447.3366555924695
112	3546.6423319327737
259	2461.6441441441443
377	2098.7198938992037
4826	391.1433899709905
1248	1072.6041666666667
318	2431.3081761006288
1642	879.2381242387332
1098	978.4376138433515
407	1729.20475020475
1490	946.096644295302
3733	421.08465041521566
1247	1197.3696872493986
428	1849.102219626168
598	1374.6856187290969
2202	599.0363306085377
371	2274.955525606469
966	1313.0310559006211
320	2156.2726562499997
199	3073.7604690117255
1052	1155.7671102661598
1221	800.4889434889435
636	1484.0036687631027
3254	457.65089121081746
240	2794.511805555556
1032	1220.7097868217056
4264	478.0082082551595
2489	702.5343511450382
565	1755.5592920353981
964	1290.6026970954356
55	4495.393766233767
1297	994.9575944487278
21	4664.950166112957
220	2727.919090909091
417	2067.1870503597124
561	1777.5531788472965
312	2497.8995726495727
364	2093.9835164835163
1286	877.1259720062209
2014	865.8128103277061
1188	949.1994949494949
754	1538.2970822281168
1684	976.8361045130641
616	1682.7264610389611
844	1448.9324644549763
1444	732.9979224376731
1073	1161.1463187325257
745	1505.7879194630873
3299	500.8723855713853
535	1622.4289719626167
676	1584.8520710059172
887	1347.7446448703495
666	1509.591091091091
173	3125.3600330305535
1087	1192.444342226311
1170	1229.5905982905983
864	1363.0972222222222
1431	1079.8308874912648
1283	1067.3109898674982
576	1589.0833333333333
299	2475.9951690821254
56	4662.364087301587
281	2424.776690391459
1135	1250.9832599118943
336	2169.1800595238096
621	1645.8711755233494
430	2070.638372093023
564	1751.0496453900712
1372	975.0371720116618
237	2770.55227379278
832	1403.610576923077
500	1887.4569999999999
103	3863.0226537216827
246	2349.8
984	1180.0497967479675
92	3784.628623188406
206	2828.9368932038833
2267	584.6982796647552
1719	966.6573589296103
1129	1044.819751992914
1471	1050.405166553365
194	3033.6902061855667
161	2889.733695652174
402	1861.6934079601988
91	4036.8714285714277
961	1283.8210197710719
1526	880.9711664482306
5161	356.0414648323968
311	2454.3504823151125
3558	435.81281618887016
514	1879.3871595330738
805	1454.536645962733
2765	508.02097649186254
1993	621.6773707977923
359	1928.4930362116993
593	1733.433389544688
1071	1195.1017740429504
841	1304.5576694411416
218	2918.258600917432
4959	342.392821133293
1167	885.8646101113967
455	1956.8373626373627
330	2116.4757575757576
2615	707.4845124282983
673	1494.9367013372957
1749	955.9794168096055
683	1676.944363103953
1782	926.7278338945006
183	2806.092896174863
38	4733.242105263159
454	1719.3898678414098
45	4774.235294117647
480	1700.0520833333333
1038	866.76204238921
679	1362.1450662739321
1317	963.577828397874
1136	1133.949823943662
5329	363.6888722086695
20	4201.728888888889
485	1963.9037800687286
69	4183.576892109501
32	4865.927364864865
292	2555.8561643835615
297	2535.7748917748913
990	1324.1555555555556
2852	671.5645161290323
807	1376.8482032218092
4001	501.12246938265434
618	1427.0803667745415
691	1032.0636758321273
104	3971.040865384616
2	3307.110465116279
1103	1169.9755213055303
605	1705.8909090909092
4266	385.9908579465542
188	2590.743794326241
3875	406.0232258064516
403	1869.1953208082236
685	1578.243309002433
4507	369.3578877301975
269	2037.5297397769518
693	1578.3073593073593
1528	1026.9042321116929
384	2241.0182291666665
4070	490.6626535626536
117	3650.717378917379
1432	964.5963687150838
741	1522.5904183535763
2496	691.0889423076923
991	1322.7537840565085
317	1856.7728706624605
482	1937.908713692946
497	1918.4547283702213
1688	824.9244668246445
898	1340.447661469933
1405	854.5167259786476
1344	786.577380952381
1498	1041.0320427236315
838	1513.856801909308
130	3593.4557692307694
200	2893.515
98	3989.402040816327
495	1727.0052525252527
5151	356.82547078237235
4	3661.8670886075947
2144	645.0415111940298
457	1973.1706783369802
948	1129.152953586498
1489	987.7679650772332
1198	1228.3848080133555
1099	1253.9590536851683
416	2114.8990384615386
2635	528.7005692599621
681	1374.946402349486
1196	933.0627090301003
83	3929.201648700064
968	1082.685950413223
713	1574.8546049555869
243	2677.6230452674895
5605	312.06333630686885
279	2577.5777777777776
387	1702.1085271317831
449	2071.4053452115813
445	1889.1213483146066
606	1785.3844884488449
692	1583.2312138728325
328	2255.9649390243903
114	3501.389338731444
2195	694.6332574031891
1575	1027.7657142857142
209	2845.0157894736844
1302	1080.3855606758832
723	1575.3554633471647
488	1946.1721311475408
3317	564.741935483871
1401	1081.355460385439
446	1987.7455156950673
2324	773.1660929432014
314	2427.482484076433
3237	460.6447327772629
1399	750.9020729092209
965	1138.2435233160622
1100	833.7136363636364
2118	710.8408876298395
806	1410.2344913151364
1419	1025.0070472163495
525	1879.5904761904762
726	1303.5151515151515
84	3984.720663265306
392	2199.410714285714
184	2951.389945652174
385	2049.0857142857144
4346	464.67349286700414
560	1521.9571428571428
1877	911.4160895045285
215	2955.9294573643415
252	2612.9905753968255
1149	1229.5137075718017
9	4278.934782608696
40	4627.101612903228
475	1927.7810526315789
510	1920.2202614379084
940	898.7138297872341
429	2086.4662004662005
389	2167.7330762639244
710	1544.7154929577464
792	1292.7108585858587
345	1913.3062801932367
440	1947.2445454545455
1354	1094.1240768094535
122	3627.26024590164
2311	674.8502812635223
934	1251.6777301927195
248	2717.1804435483873
464	2014.1525862068968
542	1798.0313653136532
249	2565.228341939185
352	2355.1988636363635
3107	476.3965239781139
4301	381.8012090211579
604	1711.6274834437086
361	1592.8795013850415
366	2281.927140255009
1005	1233.113432835821
816	1184.6164215686274
4058	476.9647609659931
54	4556.855664488016
213	2977.3467471495637
720	1545.7395833333335
1019	1300.5049067713444
811	1419.6152897657212
782	1480.1304347826087
168	2880.6437074829932
2708	596.0649926144756
1819	843.5239142385926
229	2708.1538088306647
573	1812.216404886562
556	1804.4874100719426
2295	772.9459694989107
145	3476.5810344827582
1040	1216.5653846153846
577	1739.0138648180243
547	1834.1718464351004
285	2461.9309941520473
82	3970.7939444911694
99	3951.5272727272722
735	1132.2027210884353
1329	776.1730624529722
817	1530.1652386780906
375	2182.6293333333333
470	1969.5808510638299
216	2931.8060699588477
4419	431.663272233537
624	1723.943108974359
690	1426.591304347826
553	1832.8037974683543
1036	1215.6920849420849
494	1825.3481781376518
749	1082.1588785046729
3089	612.8640336678536
5282	327.5628549791746
631	1603.1172741679875
544	1895.0845588235295
2223	595.0913180386865
1033	881.2952565343659
164	3285.7543554006975
714	1252.7212885154063
301	2498.251162790698
3631	429.68851556045166
190	2664.281578947369
1979	623.276907529055
5432	319.63586156111927
327	2412.4311926605506
637	1563.1695447409734
609	1717.816091954023
947	921.1721224920802
141	3304.047281323877
335	2326.2660447761195
170	3249.7
949	1383.6006322444678
1921	889.7267048412285
744	1508.7661290322583
2470	727.0781376518219
126	3308.5529100529106
149	3316.325727069351
171	3018.1871345029235
1169	1161.4217279726263
442	2063.0237556561087
129	3606.5426356589146
1808	843.2389380530974
2058	828.1331389698737
1131	1136.3625110521662
842	1398.0261282660333
1732	675.6166281755196
326	2350.0971370143147
827	1488.5392986698912
5	3741.469565217392
813	1452.0338253382533
596	1771.581096196868
999	1167.1501501501502
302	2263.0220750551875
368	2250.502717391304
1609	960.2324425108764
689	1433.937590711176
985	1314.3837563451775
346	2361.124277456647
395	2145.2227848101265
765	1523.992156862745
1035	1210.0966183574878
634	1555.2736593059935
756	1524.858906525573
538	1890.724907063197
4483	372.3310283292438
725	1540.744827586207
424	1626.7382075471698
27	5007.675700090334
1323	1024.1625094482238
3085	582.6615883306321
353	2171.5457979225685
197	2704.2364031907177
755	1554.1854304635763
290	2517.8758620689655
1086	1169.3931860036832
14	3895.589285714286
34	4915.535150645624
414	2115.634460547504
118	3521.479139504563
456	2035.71875
111	3476.535035035035
2254	587.1220053238687
6	3775.274509803922
438	2085.49200913242
954	1331.5005241090148
795	1401.752704402516
1347	898.221974758723
105	3558.253781512605
238	2745.71568627451
474	1985.9388185654009
5207	356.091415402343
81	3514.3810325476984
2304	777.8958333333334
570	1814.288888888889
451	2075.6079822616407
738	1190.669376693767
2028	844.2135108481262
504	1903.4176587301586
189	3050.4219576719574
702	1562.1737891737891
1554	714.510296010296
2317	787.6033664220976
550	1452.7227272727273
333	2095.0790790790793
924	1287.801948051948
2197	814.1365498406918
1856	913.057650862069
671	1423.376304023845
453	1739.8160412067698
958	1253.8705636743216
1009	1343.6570862239842
420	2122.442857142857
452	2037.3458702064897
1914	898.0141065830721
558	1708.1612903225807
635	1076.256692913386
1244	1169.192926045016
3048	543.0574146981627
1044	1242.1877394636015
2143	811.3042463835744
872	1379.586009174312
410	1660.4829268292683
214	2396.9906542056074
649	1565.7370313302517
503	1908.3939221811984
132	3286.087662337662
2379	670.5865910046239
2787	641.4341585934696
505	1746.4019801980198
632	1674.5743670886077
300	2525.3100000000004
1797	896.228714524207
657	1684.4353120243532
88	3906.361363636364
210	2913.292063492064
100	3680.722105263158
265	2613.837106918239
511	1902.4481409001958
559	1517.5330948121646
261	2215.370552818829
572	1429.4169580419582
2065	637.6203389830508
175	2780.1171428571424
357	1574.467787114846
271	2605.6771217712176
3353	591.9573516254101
2817	504.43627973020944
783	1196.337803320562
1069	1173.6594948550046
203	2518.7093596059112
121	3569.821487603306
951	1347.992639327024
665	1627.0857142857142
167	3154.8083832335333
383	1727.103133159269
975	1385.043076923077
1003	1345.419740777667
716	1458.0996275605214
3356	589.0962455303933
176	3057.1496212121215
812	1485.8719211822659
3883	434.6479526139583
1633	1001.8413962033068
591	1791.9458544839256
2961	646.774400540358
1600	954.903125
4091	499.40601319970665
115	3805.5778260869556
1460	936.8095890410959
878	1224.5552391799542
896	1433.560267857143
942	1282.9288747346072
1952	874.9559426229508
1271	1169.688434303698
529	1818.281663516068
181	2977.145027624309
2848	547.6527387640449
1574	704.0127064803049
397	2186.019143576826
950	1241.461052631579
208	2964.0809294871797
3362	455.1076740035693
781	1459.774647887324
1150	821.7495652173913
1775	642.5470422535211
360	2235.026851851852
42	4793.632653061225
365	2180.2849315068493
776	1543.1237113402062
905	1326.8696132596685
534	1846.3249063670412
3585	556.3299860529986
338	2119.7272189349114
433	2040.4703618167823
800	1478.0225
686	1618.4314868804663
884	1379.3574660633485
1285	976.1108949416342
372	2238.810035842294
2350	736.8825531914894
1211	1098.8191577208918
165	2927.458585858586
1876	892.6497867803838
2086	804.6852828379674
303	2533.970297029703
342	2362.03216374269
2483	739.4744260974627
374	2222.9478609625667
639	1689.0766823161189
1382	1074.0701881331404
787	977.0940279542567
2137	651.6654188114179
794	1504.9017632241812
2361	743.4866581956798
1006	883.7733598409543
4644	362.67700258397934
250	2788.2453333333337
687	1498.4177583697235
640	1631.6515625
1201	1227.2198168193172
291	2425.0154639175257
316	2482.1447784810125
1155	1251.5463203463203
5405	371.56558741905644
1506	917.7762284196547
4133	394.1771110573433
178	2945.039794007491
578	1692.6231257208765
60	4281.806547619048
127	3378.1889763779527
363	2245.1818181818185
646	1478.7461300309599
557	1765.681328545781
2719	658.9521883045237
551	1100.24500907441
79	4110.081665986117
554	1874.8646209386281
668	1630.3259730538925
166	2926.8313253012047
381	1703.3871391076118
801	1198.938202247191
277	2423.936221419976
1606	998.4041095890411
273	2621.9005756148613
109	3735.235833783054
1986	858.647029204431
1213	1200.4575432811212
140	3417.129591836735
3392	450.66715801886795
2287	573.689549628334
890	1350.2168539325842
204	2796.7777777777774
193	2783.8018134715026
1543	862.7666882696046
293	2531.627986348123
701	1557.8716119828816
731	1467.0731874145008
1041	1332.4793467819404
1674	971.6075268817204
142	3140.8732394366198
275	2627.02
1159	1165.3273511647972
319	2401.1880877742947
611	1539.212356792144
709	1638.9887165021155
489	1876.0766871165645
1083	1194.831948291782
797	1203.7659974905896
897	1341.5072463768115
77	4260.2
43	4742.555691554468
278	2511.486125385406
159	3156.006289308176
322	2376.7158385093167
282	2604.826241134752
44	4678.609237536658
138	3365.3229813664593
400	2198.09
1361	1052.9941219691405
2632	612.7089665653496
231	2660.073051948052
579	1808.4525043177894
1110	1192.8819819819819
150	3471.1407407407405
658	1689.7963525835867
2485	734.19476861167
125	3281.6026666666667
708	1619.018361581921
5478	346.40087623220154
1059	1300.3541076487252
268	2333.8899253731342
94	3813.6733156028367
853	1383.892145369285
422	2019.1469194312797
146	3474.406600249066
2013	870.2985593641331
840	1204.0392857142858
1108	1159.5415162454874
1016	876.9724409448819
2081	708.3503123498318
232	2598.046695402299
370	2243.5513513513515
492	1865.4247967479673
1030	1110.9398058252427
1011	1084.431256181998
1153	1215.051604509974
64	4134.091032608696
418	1866.2105263157896
1137	1137.3948988566403
1217	1150.8849630238292
1254	1106.6622807017543
1021	1344.3555337904015
1168	1220.1780821917807
59	4553.295306388526
752	994.9707446808511
770	968.2571428571429
75	4273.212222222223
532	1896.0244360902257
5798	364.27337012763024
321	2031.0789200415365
72	4230.771341463416
1618	900.9196538936959
2704	701.2008136094674
1592	719.4108040201005
2998	618.3672448298865
530	1833.1424528301886
4034	440.3227565691621
2139	829.6400187003272
1704	685.6267605633802
476	1981.7619047619046
2300	647.0180434782608
367	2261.6689373297004
910	1349.9263736263736
128	3416.933894230769
1341	1138.7345264727815
19	4551.560941828256
426	2086.9154929577467
680	1096.0514705882354
5427	319.915607149438
1202	1088.5515806988353
3551	540.5418192058575
230	2751.163636363636
283	2429.354534746761
822	1485.1119221411193
923	1312.8927410617553
850	1438.810588235294
1089	1271.5638200183655
22	4625.22009569378
423	2122.8829787234044
1231	1186.182778229082
917	1296.2459105779717
1197	1201.21888053467
617	1756.6337115072934
506	1935.5029644268775
1881	894.1116427432216
313	2108.8700745473907
2126	608.4162746942616
468	2037.7104700854702
1094	1265.603290676417
943	1416.1474019088016
412	1906.4716828478965
260	2589.89358974359
144	3324.7657828282827
224	2613.4097222222226
1143	1131.7497812773404
135	3408.6693602693604
325	2435.156923076923
543	1882.5709023941067
341	2347.0058651026393
459	2015.60348583878
30	4843.279279279281
247	2536.1493477282957
601	1433.638935108153
267	2350.2352059925097
287	2370.202090592334
33	5049.1506493506495
51	4403.889635854341
580	1060.0310344827585
1125	1170.535111111111
1484	937.0646900269542
2062	854.8719689621727
863	1223.5202780996524
978	1381.4018404907974
4782	353.0384776244249
3524	434.27780930760497
912	1106.9473684210527
1901	861.3471856917412
68	4314.645220588236
63	4257.694316436252
201	2814.7071783937454
2052	767.9595516569201
1223	1072.1586263287
1357	987.8356669123066
228	2771.696637426901
436	1904.119266055046
587	1753.4660988074957
3083	540.1177424586442
274	2461.152372262774
712	1510.178370786517
154	3265.139610389611
2742	688.9814004376368
928	1412.7413793103449
545	1801.8311926605504
575	1771.817391304348
47	4558.814893617021
334	2247.925149700599
908	1373.9669603524228
12	4130.027027027027
1972	870.4817444219067
61	4562.5348360655735
4526	367.22691117984976
645	1680.8661498708009
378	2274.44708994709
465	1588.5569892473118
3240	607.4077160493828
1859	884.0731576116192
134	3569.9925373134324
256	2724.1868489583335
4630	361.96846652267817
922	1212.3503253796096
828	1417.298309178744
