81	3167.1107774441107
125	3011.9332307692302
260	3336.564102564103
771	273.526588845655
1593	197.86817325800376
45	2860.9575246132204
288	3256.7690972222226
6662	255.1525067547283
1532	228.2865535248042
4294	265.05333022822543
3060	217.14101307189543
4456	183.9939407540395
99	2931.3520749665327
2773	257.44897223223944
397	2689.5199937027705
458	2953.125909752547
557	1053.2441651705565
230	3322.5696640316223
2793	265.06444683136414
186	3370.399781586022
132	3388.2700534759365
2446	257.5102207686018
406	3422.143165024631
3201	254.81661980631054
2787	236.2346609257266
2835	236.39823633156968
2147	258.62319515603167
6887	252.91839697981706
5	2536.5765624999995
1997	240.22884326489736
927	250.05285868392664
1885	244.56392572944296
462	3503.2229437229435
1388	254.57744956772336
4671	263.81481481481484
195	3635.3869743589753
2523	275.68925881886645
212	3485.8381289308186
1424	214.77247191011236
596	271.21140939597313
5187	259.53903990746096
3991	266.6203958907542
501	1785.8163672654694
497	2241.7357478202553
5656	211.56011315417257
162	3238.035215543412
492	2999.3692411924117
5222	252.53178858674838
2717	242.28376886271624
3042	261.8500986193294
2487	238.58303176517893
144	3249.0320669934636
2920	258.46472602739726
2865	268.1497382198953
1951	273.633521271143
3004	256.9790279627164
3126	241.8259756877799
1024	244.0458984375
2185	247.32906178489702
504	2282.026077097506
3984	253.4738955823293
58	2887.937438423645
292	3289.8204500978472
2254	245.67080745341616
7214	248.10368727474355
2764	255.05933429811867
3123	255.40153698366956
4655	244.53168635875403
1640	246.97926829268292
4128	262.0593507751938
6372	246.09761456371626
6428	258.6485687616677
315	3658.8431077694236
160	3456.3316176470594
30	2571.9249999999997
106	3149.5171421997243
5062	247.46048992493087
2145	246.76083916083917
369	3379.5778380006027
451	3407.484109386549
3108	197.51640926640925
6078	252.3789075353735
2701	241.89540910773786
61	2841.3444899817855
3300	206.3660606060606
3002	241.11892071952033
108	3181.0709475709477
360	3039.341798941799
4798	264.91413088786993
3530	269.3637393767705
1969	273.2001015744033
686	243.71865889212827
393	2926.801526717557
4100	254.52951219512195
1529	271.2393721386527
5822	252.166952937135
47	2743.7522458628837
359	3424.185996454799
1507	260.65792966157926
3536	259.51216063348414
726	226.5082644628099
2247	259.5500667556742
2412	262.1878109452736
747	246.80254350736277
224	3470.515306122449
2648	242.66257552870093
4358	220.21890775585132
659	1562.0526049570053
2729	253.6540857456944
411	2790.5581914030813
579	225.6286701208981
3667	264.76602127079354
722	250.51246537396122
3616	255.00442477876106
408	3165.501072303922
5408	266.41993343195264
2889	269.3347178954656
3988	256.1700100300903
3853	265.2665455489229
2679	272.5330347144457
658	258.468085106383
3167	267.78560151562993
105	3197.151058201058
507	1669.990138067061
1060	265.61603773584903
1556	214.71401028277634
6406	249.5736809241336
205	3217.335798583791
2499	267.718287314926
2815	262.960568383659
3992	213.43937875751504
4522	248.71594427244582
5630	265.55737122557724
755	251.46291390728476
491	3563.0901221995928
2583	243.65892373209445
3394	239.3685916322923
974	233.05492813141683
553	3316.715189873418
483	2828.7256728778466
2742	253.15973741794312
150	3433.749059829058
1579	279.42875237492086
1740	207.2367816091954
5622	259.68783351120595
6133	257.17837925974237
5664	248.56214689265536
3223	242.11340366118523
1150	237.7973913043478
1	2658.5815236125472
6865	253.0094683175528
255	3463.7342511472666
4104	252.64936647173488
1836	261.937908496732
2713	258.90158496129743
197	3110.591720637144
207	3409.459215904868
3751	256.18048520394564
270	3438.557510288066
3608	246.94373614190687
3165	263.540916271722
4180	266.4937799043062
220	3583.8039651837526
248	3254.791666666666
2292	240.8139179755672
443	2963.9097065462756
3119	237.9781981404296
438	3511.8065883887803
4359	240.64487267721955
551	1969.7105263157896
109	3334.8246846330267
2634	232.20102505694763
362	3250.0576343545954
3968	249.7384072580645
343	3493.47771761766
352	3349.4735440340905
208	3552.6337095875147
3873	255.04389362251484
425	3148.4027450980393
1978	219.90192113245703
3185	253.05431711145997
476	2893.9763655462184
499	3348.8642284569137
590	3004.42824858757
832	208.14423076923077
921	294.5244299674267
1397	213.37938439513243
3052	260.40661861074705
229	3314.1810547531068
833	299.11044417767107
3030	247.18646864686468
7480	246.0524064171123
500	3241.946
107	3243.655763239876
2823	260.6797732908254
3313	255.61998188952612
924	229.36147186147187
673	245.11738484398217
7180	252.9516713091922
284	3398.647887323944
3904	236.07453893442624
216	3573.8280423280426
283	3235.3350548156204
3658	219.96664844177147
139	3264.415293571594
3653	259.7580071174377
227	3555.916850220264
5309	238.66905255226973
2986	263.53951774949763
1197	269.54553049289893
320	3397.1827445652175
273	3532.304290947147
562	213.78202846975088
2474	260.41147938561033
3463	262.92954086052555
3090	251.54595469255662
675	3417.4103703703704
1921	225.10775637688704
527	3496.485768500949
252	3356.020258980786
5224	263.7369831546707
331	3432.1136846816603
6157	257.9683287315251
3127	263.63639270866645
3799	221.7686233219268
4090	255.44889975550123
54	2670.9182716049386
422	3194.700631911533
739	1563.7374830852505
1091	278.53712190650776
1467	256.39604635310155
4356	248.44077134986225
468	3081.152625152625
626	227.53514376996804
134	3023.281502324443
4877	259.9464834939512
480	2345.3135416666664
191	3636.4205933682374
890	240.67134831460675
1235	265.9085020242915
541	2456.2014787430685
2450	218.93591836734694
966	247.703933747412
3511	269.23070350327544
56	2652.0956790123455
2257	258.21577315019937
126	3218.9568045797546
3000	246.615
1457	267.17570350034316
201	3597.873731343283
2581	222.00774893452152
4487	235.25473590372187
18	2644.959444444444
2423	269.32026413536937
3468	267.20213379469436
2954	257.2880839539607
3005	269.7753743760399
6728	252.6838585017836
2942	255.75934738273284
370	3263.1401544401547
3099	265.6550500161342
6267	255.5366203925323
39	2888.146392367322
358	3356.97537761225
3137	238.98214854956964
3746	237.87653497063536
2175	250.18068965517242
3061	250.9425024501797
5116	250.4122361219703
236	3432.0161787365178
2236	259.11314847942754
535	3353.710280373832
1717	250.85323238206175
429	3047.1343393448656
2371	238.6457191058625
2612	263.7636549259826
5388	267.20118782479585
1820	230.23681318681318
307	3392.7573289902293
6134	244.6957939354418
3020	273.65496688741723
124	3363.7111895161293
2417	261.27720314439387
881	228.85698070374573
5326	265.8796470146451
103	2891.7503677552218
372	3213.2382019115894
8676	245.5388427846934
3449	232.9704262104958
490	3552.9102040816324
5212	265.53434382194934
110	3110.2571606475713
5380	243.47695167286244
23	2550.8309671694765
156	3274.5638155376964
277	3489.285095410006
621	3257.5893719806763
516	1921.3782945736434
275	3454.7584922394685
233	3350.774483027702
5184	250.61631944444446
4481	254.48281633563937
2452	239.31973898858075
3748	263.8807363927428
889	267.5877390326209
3025	257.5289256198347
1034	274.83075435203097
100	3140.9963380281692
2226	256.79469901168017
568	2223.387323943662
783	281.03192848020433
1008	276.0059523809524
2046	270.58699902248287
435	3431.8411238825033
3902	267.91722193746796
3027	237.0376610505451
138	3073.827677624602
176	3297.052462121214
540	2637.9106481481485
146	3377.302913370634
376	3352.3436761229314
605	295.8214876033058
34	2861.719281045752
345	3445.0200966183575
624	298.4182692307692
835	277.8251497005988
825	224.309898989899
730	291.3068493150685
2630	250.6171102661597
63	2790.681627440248
404	3002.371994342291
2194	269.1736554238833
611	2194.40589198036
73	2795.0688313884652
4973	253.699175547959
2557	264.83965584669534
3302	255.31586917019987
2983	260.0305062018102
479	2511.444676409186
364	3171.2370717517774
2593	261.39838025453145
2475	235.0379797979798
121	3345.457469802924
3434	261.38264414676763
3096	258.0642764857881
1840	254.89510869565217
710	1378.6577464788732
5197	262.3567442755436
5368	259.50875558867364
3601	232.3485143015829
1237	233.30800323362976
2237	261.6593652212785
414	3598.131313131313
2860	237.45384615384614
3254	260.4545175169023
744	229.78830645161293
4878	260.9050840508405
3272	267.1442542787286
3589	218.91808303148508
4794	255.6476846057572
259	3303.8398560898554
1816	267.51872246696036
5770	256.4318890814558
3362	235.4619274241523
7886	245.61678924676642
357	3518.434832756632
365	3121.7853228962817
2225	246.68629213483146
385	3172.1360639360646
733	263.15279672578447
240	3637.2119318181813
1800	244.1861111111111
549	3553.415300546448
181	3287.3080694109417
3513	208.02077996014802
4190	267.01909307875894
478	3312.1063458856347
7059	246.23898569202436
415	3349.239457831325
5260	259.8425855513308
4427	267.3175965665236
1030	259.09660194174756
185	3318.5177970423247
2846	263.13633169360503
938	219.6545842217484
536	3340.8119402985076
8	2549.5290178571427
6104	254.91595674967235
91	3082.6070054945058
1833	258.83087834151667
1793	254.16341327384274
2092	235.96462715105162
679	261.9941089837997
1996	251.53732464929863
1121	267.92595896520965
684	277.3932748538012
484	2887.799586776859
645	262.25426356589145
60	2962.0677083333344
341	3361.084254455222
2550	238.8227450980392
665	238.98646616541356
2065	250.31719128329297
6727	251.76022000891928
2656	225.9484186746988
12	2468.269801980198
482	3450.4205690574986
2575	260.37126213592234
2492	252.47110754414126
210	3239.397875457875
155	3273.181385510312
225	3128.172307692306
3341	230.65339718647112
3166	265.0574857864814
149	3321.0812826249057
348	3249.3288923719956
2721	206.08416023520763
3244	260.9457459926017
448	3209.2544642857147
1482	257.0114709851552
1832	243.17740174672488
683	3106.888726207906
3432	260.0084498834499
3701	243.92326398270737
9	2727.7548309178756
291	3290.0190565448293
1702	262.83548766157463
49	3079.2729251700666
356	3017.5793908929622
508	3192.792322834646
76	2890.7126682986554
1859	249.94566971490048
2963	242.863989200135
2323	236.33448127421437
2975	216.16504201680672
1570	233.54267515923567
246	3516.7273295809887
239	3594.3643837627533
171	3268.3433877090397
625	2746.6992
209	3257.7380637279844
3452	252.02694090382386
354	3318.4832170156196
6574	253.4335260115607
92	2890.2274247491637
337	3396.303518440016
6857	251.23246317631617
1903	115.71308460325801
418	3392.2392344497607
9006	237.4062846990895
1861	251.18914562063406
6447	250.48223980145804
390	3185.5063116370807
5432	260.6596097201767
699	3545.555078683834
561	235.83957219251337
44	3026.8566844919787
2654	223.7731725697061
7288	250.96734357848518
3230	261.42291021671826
2592	257.44521604938274
2989	259.5075276012044
3455	248.24761215629522
4466	234.5526197939991
5315	246.91589840075258
319	3443.4939832136724
28	3071.760902255638
4830	255.7575569358178
3397	234.66853105681483
705	261.83687943262413
619	3436.96042003231
4950	252.46121212121213
7136	251.66395739910314
423	2984.325059101655
2435	242.99178644763862
42	2753.8689167974885
2544	242.22641509433961
523	2055.417208413002
5955	240.80722082283796
1948	263.39271047227925
1068	289.30898876404495
278	3354.584816357439
4699	237.25601191742925
2044	252.8380626223092
193	3546.388237432962
2995	244.23806343906512
130	3244.561888111887
179	3249.319492677035
519	3478.146435452794
589	244.79286926994908
167	3317.4583072660657
555	2005.163063063063
164	3444.932045254188
585	3532.892307692308
13	2347.4834087481145
1042	269.97312859884835
327	3441.5478899082573
3326	248.69061936259772
361	3608.1595316041294
3553	267.09541232761046
506	3385.637022397892
3	2314.9470588235295
3424	228.64953271028037
96	3129.943824404761
2418	236.46526054590572
2271	226.65081461911052
5126	262.27331252438546
4585	254.12628135223554
617	3187.025931928687
4995	266.214014014014
3770	257.00954907161804
4215	259.65693950177933
3308	253
3740	222.9673796791444
2500	252.6308
154	3309.940242190243
242	3568.1143876784377
2082	228.97694524495677
5118	253.42028135990623
82	3219.3748812163453
3410	232.90029325513197
4782	218.69719782517774
245	3235.5705215419503
1923	214.52730109204367
265	3399.7005079825835
3353	223.47509692812406
145	3231.276970443351
117	3200.880469447634
1922	236.10822060353797
85	3046.460851926978
65	2925.856804733729
7259	245.68590714974513
1501	250.69953364423716
152	3310.486481614997
4360	264.10733944954126
3089	235.0974425380382
495	2681.885858585859
2932	231.92769440654843
3448	274.5316125290023
1058	220.9952741020794
2421	251.71334159438248
649	268.9753466872111
2572	237.400466562986
232	3178.2668821839084
122	3174.45890255009
2140	248.32570093457943
851	195.88366627497064
681	214.93832599118943
511	3468.555283757338
1525	211.31081967213115
301	3255.295681063123
1956	248.36128152692572
251	3361.5046812749
5515	261.81795104261107
464	2962.5547082228118
485	3278.439175257732
182	3175.124725274725
75	2857.938333333334
3041	266.7017428477474
3570	221.45518207282913
378	3183.294708994709
2122	254.98303487276155
170	3357.439215686275
4531	255.94350033105275
97	3056.294420861127
676	3433.1005917159764
3580	254.69189944134078
111	3003.3728946337633
159	3521.394347790576
2503	249.19696364362764
3155	252.78478605388273
467	2417.200856531049
31	2780.5576036866355
2016	244.05009920634922
1672	258.7822966507177
515	1628.3417475728156
874	256.56636155606407
1858	222.46609257265877
1590	273.08238993710694
228	3442.6466605109263
2490	233.57751004016063
593	2285.4766722878026
3557	258.24233904976103
1178	274.53310696095076
2517	246.26142232816846
494	2793.531578947369
517	3541.3713733075438
3168	246.68765782828282
5579	257.642229790285
2437	244.04472712351253
2707	257.89988917620985
6359	247.275672275515
5438	255.36778227289446
4322	235.65108745950948
3808	260.65152310924367
129	3175.1424273978946
2638	267.76573161485976
3024	246.03736772486772
3194	268.0835942391985
5390	232.8990723562152
2411	267.79406885109915
237	3471.321277878241
287	3424.716986062718
3292	257.0276427703524
387	2728.8337024732377
2497	263.0732879455346
474	2441.832805907173
539	3305.4192949907238
2813	233.05332385353714
2595	237.32947976878611
3441	258.2609706480674
2	2180.599214145383
4074	248.27687776141386
2863	242.26370939573874
637	3541.436420722135
11	2214.2296650717703
4366	259.7123224919835
2652	251.85331825037707
2959	256.57063197026025
761	291.6517739816031
493	2797.175659229209
2077	245.17958594126142
1219	286.4995898277276
1870	237.93957219251337
454	3119.124571708272
5150	253.01359223300972
526	285.7186311787072
3374	247.10995850622407
89	2899.791564891712
2912	221.78434065934067
231	3370.9678626458285
305	3147.007756897241
2200	244.4340909090909
78	2812.785996055226
518	3278.9562419562426
581	273.7710843373494
4762	254.97144057118857
4702	233.0842194810719
2621	264.2979778710416
587	3325.7069846678023
1737	262.5112262521589
4976	251.29280546623795
321	3380.5833932422725
566	1921.684628975265
1345	277.64237918215616
6896	244.5965777262181
3392	215.76356132075472
5361	233.5965304980414
2521	243.66402221340738
2834	239.4193719124912
442	3434.284615384616
71	3100.952085059376
618	225.03883495145632
3284	272.9479293544458
3884	265.21112255406797
4268	259.3798031865042
457	3577.164478482859
223	3566.5508221225714
1819	226.3842770753161
431	3102.8329466357313
280	3290.2659774436097
5550	253.68792792792792
2887	258.04676134395567
17	2569.1513629842184
368	3483.0576086956517
271	3578.764173096277
4240	268.3570754716981
844	272.27725118483414
2310	245.52424242424243
5215	240.14477468839885
1642	252.67904993909866
257	3357.2991785559884
286	3284.1819055944056
342	3154.9616069158396
544	1881.5919117647059
1588	253.38727959697732
398	3392.746231155779
204	3236.186459489457
3219	260.28735632183907
447	3481.999440715884
714	222.49299719887955
36	2949.4540598290596
5225	247.1288038277512
428	2756.8723297730307
456	2638.3412280701755
1963	241.29597554763117
3442	230.5415456130157
2045	252.09290953545232
1459	256.0603152844414
424	2918.5797598627787
217	3316.279856283682
2223	232.82456140350877
732	295.72677595628414
1649	283.63432383262585
2938	230.64465622872703
663	235.79185520361992
192	3441.094515931373
2779	262.14357682619647
296	3584.0142090620034
436	3332.467635066259
4409	251.87593558630076
2535	215.31873767258384
8246	240.56645646374
74	2892.876126126126
785	232.65732484076432
328	3412.3927383592018
375	3467.9667368421046
72	2735.600255427842
2343	255.27016645326503
221	3326.43109134136
548	2836.720802919708
2126	259.1274694261524
2270	240.78281938325992
214	3336.051666372773
2950	254.635593220339
2937	256.0691181477698
883	267.1483578708947
6414	248.2613033988151
2015	257.1330024813896
302	3253.130479344056
862	257.12993039443154
405	3247.829794238683
3091	248.17955354254286
123	3241.244182786656
4304	261.8020446096654
5569	241.70694918297718
46	2853.1342447333027
363	3319.814508723599
3269	266.1713062098501
333	3363.6550641550643
3062	256.91149575440886
244	3346.683000712759
577	1196.2801848642405
101	3017.140827023879
623	1165.7998929909043
907	265.7398015435502
4296	269.72672253258844
2485	243.71468812877262
165	3297.2526577247877
1594	244.98557089084065
87	3018.526095060578
2258	230.4977856510186
838	231.52267303102624
5346	255.87878787878788
3644	255.16547749725575
530	3322.3915094339623
2900	242.09224137931034
2609	233.4131851284017
330	3663.015470494418
661	234.50605143721634
1485	252.5811447811448
630	232.62142857142857
2854	259.0711282410652
1259	249.33280381254966
168	3405.073179271709
2895	243.5993091537133
689	252.88243831640057
1437	258.5991649269311
3170	245.9763406940063
16	2721.595079787234
3188	240.08626097867
2582	224.82261812548413
269	3046.984316914498
1574	203.6569250317662
481	3264.6403326403324
1946	231.23021582733813
2104	231.20199619771864
2358	231.1251060220526
353	3349.4125540480095
5911	256.722043647437
2036	264.47445972495086
184	3547.4004270186315
1659	267.8589511754069
5265	259.3397910731244
616	2810.987012987013
3810	261.33727034120733
2168	248.15267527675277
477	2676.2452830188677
323	3676.746297380971
5788	256.72995853489977
98	2965.8994789405106
247	3255.0620507312233
3896	259.3082648870637
471	1792.2816702052376
2256	248.86480496453902
2221	264.8361098604232
253	3416.873966942149
455	3071.9887912087916
1376	208.53924418604652
1904	237.9716386554622
5658	260.1645457758925
2753	243.68216491100617
3143	227.18326439707286
196	3475.2997645211926
2333	260.46335190741536
731	217.7920656634747
5585	257.09668755595345
2013	254.62394436164928
588	1834.1522108843537
583	3050.735849056604
3017	267.4842558833278
279	3490.4480286738362
7	2492.9006211180113
6903	250.3417354773287
5512	248.68976777939042
2128	274.50375939849624
2255	241.2758314855876
3624	255.30546357615893
67	2859.717073970804
402	2609.735009164703
2318	260.7471958584987
441	2973.760896951373
3582	219.37660524846456
4019	257.6959442647425
691	232.12011577424022
190	3390.0504111842115
128	3141.359375
5997	255.09438052359513
2781	229.63286587558434
2866	268.34159106769016
525	3550.8914285714286
346	3320.203694395577
347	3266.882564841498
445	3177.4766853932583
2340	271.8179487179487
545	2803.927706422018
297	3438.6397306397303
542	2413.159901599016
487	2209.071457905544
2278	206.37796312554872
2847	257.0572532490341
3837	243.9374511336982
3913	238.5284947610529
366	3419.6338797814205
4557	217.64450296247531
1419	235.61028893587033
848	285.47287735849056
4999	260.7211442288458
842	251.68527315914488
338	3247.629243226409
788	274.3388324873096
2573	258.031092110377
234	3564.6576340326337
3192	265.7622180451128
791	264.1188369152971
104	3270.068663708086
377	3191.6537255847597
1562	269.4878361075544
1906	231.64533053515214
2472	264.1848705501618
303	3471.4161509900982
2671	224.31467615125422
2876	213.34283727399165
880	264.45113636363635
2390	258.5518828451883
2988	247.92570281124497
2034	231.72836774827925
379	3358.9989739079447
430	3177.8532299741605
416	3505.149238782051
653	250.66385911179174
2317	214.86016400517912
977	269.43807574206755
3796	253.99894625922022
664	1843.1618975903616
33	3038.693259121831
1661	263.7748344370861
1004	247.93326693227093
355	3196.5596966413873
716	264.3673184357542
2926	257.568010936432
4351	266.7543093541715
310	3542.7619745845545
660	1271.0707070707072
2873	269.64323007309434
3951	236.7767653758542
2344	272.9419795221843
711	233.76230661040788
1716	248.5425407925408
84	3180.797345374931
1864	269.9769313304721
2476	268.4852584814216
564	2845.0124113475176
317	3431.718086225027
3617	217.02792369366878
20	2838.721226415095
4516	232.2860938883968
2063	226.6126999515269
460	3140.3649758454103
3703	216.4045368620038
5134	261.9937670432411
5529	254.10616748055708
5627	245.67247200995203
7040	249.46917613636364
5875	265.05855319148935
3587	202.16141622525788
32	3005.3335843373493
473	2364.589852008457
1117	268.9364368845121
3389	268.56801416347
2448	236.16503267973854
742	2396.3059299191373
2250	253.18933333333337
472	2080.476694915254
486	2641.2510288065846
3426	235.48248686514887
6624	251.51192632850243
19	2663.6463414634145
25	2846.728085106384
5642	246.0450194966324
6240	251.8084935897436
6	2536.118852459017
86	3155.6239153071842
719	240.6759388038943
7296	234.29893092105263
298	3463.9900411344443
5772	257.0504158004158
116	3337.3624437781114
505	2005.8019801980197
1732	200.62933025404158
37	2914.46521931768
5526	257.31722765110385
1540	229.33441558441558
2597	236.84790142472085
4148	245.6841851494696
199	2991.850039672045
521	2375.110684580934
2070	231.03212560386473
2395	203.08517745302714
289	3274.344933267424
148	3340.317849099097
381	3078.5673490813656
64	3002.491044207317
510	2679.1431372549023
534	1750.197565543071
1829	247.50410060142156
5650	258.480796460177
4703	249.41335317882204
475	2777.482368421053
2615	238.23709369024857
947	281.2998944033791
2405	242.26382536382536
2814	238.4136460554371
4182	264.7902917264467
1575	249.98222222222222
6216	255.5770592020592
606	967.9727722772277
206	3330.4268167107984
3013	251.1344175240624
2970	239.28484848484848
2784	229.74102011494253
3383	258.8932899793083
666	213.987987987988
488	2447.188114754098
426	3294.233421361502
570	265.5473684210526
222	3528.842699842699
446	3064.0071748878922
1838	246.15941240478782
329	3359.1406359597854
4917	222.48911938173683
5429	261.2615582980291
3484	262.2000574052813
53	2763.93892238864
2434	244.24116680361544
763	236.2778505897772
1580	228.5613924050633
2508	256.0468500797448
3969	253.42378432854625
1035	268.8521739130435
4	2518.3766233766232
7993	243.21719004128613
461	1089.9544468546637
1334	260.61544227886054
2322	266.96770025839794
22	2878.6228622862295
380	2803.4734649122806
313	3275.868757356651
93	2914.7131237937692
578	281.4204152249135
4150	254.58939759036144
1610	253.05031055900622
1072	277.6268656716418
4647	255.57112115343233
4648	246.16630808950086
737	251.96607869742198
440	3397.544008264463
946	251.36997885835095
203	3432.158128078817
812	275.0541871921182
991	178.5923309788093
339	3225.297594735647
1652	260.06476997578693
3485	238.0878048780488
7627	250.58607578340107
533	3480.277673545966
2824	226.94405099150143
550	3577.3454545454547
326	3433.087581975883
538	251.3828996282528
1990	259.9311557788945
758	2952.5211081794196
2135	252.97564402810303
2853	233.40168243953732
274	3593.442115090816
1134	231.79982363315696
2183	249.94021988089784
177	3242.611048336473
3583	262.5933575216299
556	1802.5773381294964
770	253.2844155844156
2192	251.92974452554745
3526	260.73028927963696
427	3247.358118657299
394	2992.922800338409
263	3377.022348102739
112	3246.246785714285
2851	269.4924587863907
4510	248.4749445676275
5010	233.1491017964072
3032	252.59795514511873
115	3282.719657072871
444	3112.235735735736
5660	255.27544169611306
1991	262.1240582621798
178	3378.8487827715353
449	3072.2082405345213
3158	242.29607346421787
2560	238.798046875
6299	257.23019526909036
5302	267.06148623161073
654	224.1834862385321
5402	250.0999629766753
3014	257.7382216323822
172	3393.842258261933
6288	243.87213740458014
407	2994.3355563355567
2133	270.398968588842
3145	264.3945945945946
1662	282.2671480144404
3320	235.73373493975905
559	3629.2701252236134
822	277.0997566909976
599	242.57929883138564
2555	261.86262230919766
560	3528.457142857143
389	3046.2654955726935
304	3557.7143463497455
594	262.63973063973066
4797	243.8436522826767
3105	256.6962962962963
3619	254.5109146172976
3015	250.12172470978442
1125	293.85422222222223
4302	264.0764760576476
4698	261.37760749255
409	2964.2330261425614
396	3373.022921522922
4098	268.5095168374817
1682	263.48394768133176
724	263.2403314917127
5473	257.54211584140324
94	2891.716520650813
992	262.88709677419354
1975	231.09518987341772
3986	257.9540893125941
984	254.0716463414634
2488	257.5490353697749
2186	226.94647758462946
3629	253.90162579222925
2984	244.99229222520108
147	3215.0865457294044
3152	198.93813451776649
3286	251.41600730371272
432	3653.922067901234
349	3259.479274116523
419	2379.310913430245
80	3143.585441176472
1974	241.1241134751773
336	3030.6532738095234
674	2895.778931750742
3184	247.69692211055278
306	3264.6230936819184
2463	241.39951278928137
4060	255.12512315270936
592	256.92905405405406
5685	260.9540897097625
5730	256.1584642233857
322	3257.5371635610773
141	3364.7685545899512
420	3076.1272108843536
2586	218.3124516627997
3725	269.9232214765101
311	3470.510952572348
2973	199.3037336024218
1931	230.01553599171413
113	3063.8002722940773
15	2855.5935897435893
604	231.31953642384107
295	3270.0922390722567
622	1949.7609860664522
50	2582.309670329671
1910	224.83979057591623
38	2708.412074303405
3068	265.71088657105605
2445	232.44621676891614
4113	254.1993678580112
6158	249.7253978564469
293	3147.6408506169587
650	1933.226153846154
2107	235.03322259136212
667	1181.3013493253372
5127	250.98381119563098
563	3371.307874481942
1466	248.70463847203274
219	3429.2620017277554
1552	212.10244845360825
135	3118.2015015015013
3782	256.68059227921736
21	3212.186813186813
4571	252.4351345438635
1535	270.9322475570033
1092	252.74450549450552
5154	242.48700038804813
299	3551.6367892976587
351	3499.213525266157
543	1935.7759361571516
4902	262.40881272949815
10	2545.2071428571435
1721	225.46542707728065
213	3629.9394650732665
3866	215.96921883083292
2767	262.2459342247922
433	3044.6090399208183
1162	266.48106712564544
318	2942.6643372932685
2961	236.04728132387706
40	2772.293333333334
3368	274.8785629453682
712	264.1769662921348
3428	268.4221120186698
5350	259.22242990654206
5992	254.548564753004
6159	251.89348920279267
901	238.35294117647058
35	2609.10380952381
314	3203.984194385469
1506	284.79946879150066
401	2671.3827930174566
403	3230.385235732009
173	3606.933619242962
688	282.6598837209302
2283	232.72536136662288
1438	254.22531293463143
1760	247.04147727272726
2486	261.9175382139984
2032	249.95324803149606
2718	241.79764532744665
4814	259.8130452845866
1995	234.86516290726817
4734	239.8185466835657
316	3211.863209473255
628	3333.578025477707
3461	262.9976885293268
3648	264.74013157894734
183	3385.3223031774946
503	2503.4488071570577
3084	239.02610246433204
2981	233.2130157665213
7603	246.72839668551887
434	3028.4128264208903
383	3299.7672223338013
595	228.59495798319327
272	3496.9121323529407
153	3373.8916408668742
3723	266.74617244157935
2366	241.4885883347422
463	2547.8836778771984
602	196.78571428571428
180	3517.4074387947276
4251	261.3773229828276
496	2450.575268817204
3075	228.43479674796748
4764	252.38507556675063
465	3090.060430107527
3234	240.12461348175634
59	2900.7466187296686
90	2892.836419753086
5317	253.4598457776942
2287	247.37822474857893
335	3190.543781094528
5775	251.92329004329005
3023	215.78465100893152
77	2855.093506493506
218	3530.5600152905185
211	3438.615566897558
2826	251.89897381457888
243	3519.855410966522
1291	277.6824167312161
413	3180.9788135593217
254	3307.283661417322
308	3282.6799628942495
1631	261.5793991416309
4127	218.55464017446087
613	230.17699836867862
450	3421.001728395062
452	2744.7011430678467
3834	248.08607198748044
312	3397.7781339031344
325	3419.0683916083913
140	3340.882087912087
620	2851.7548387096776
189	3406.9187192118225
2869	243.2345765074939
198	3221.5504179728314
1850	212.7135135135135
241	3470.9040016878816
285	3064.8439946018893
532	2044.1838345864664
374	3113.765528589058
967	261.81592554291626
29	2731.7553141237604
5409	246.91569606211868
685	3454.916788321168
5676	256.7359055673009
2471	267.27842978551195
114	3104.8788304093573
5013	251.05784959106325
3310	264.24924471299096
238	3319.1054890041128
3103	251.56977118917177
3369	231.33452062926685
2665	256.9272045028143
2789	258.279670132664
2966	268.9814565070802
95	3003.744403261675
4530	255.19602649006623
687	282.0203784570597
5747	265.351313728902
4149	259.90985779705954
2415	263.536231884058
2993	227.57935182091546
2049	247.40409956076135
668	1162.937125748503
1244	261.05627009646304
554	3409.335740072202
877	249.95153933865453
524	2648.7170801526718
1821	247.0038440417353
2473	229.66316215123334
943	296.2518557794274
2312	238.14143598615917
5105	255.23428011753182
2235	252.05279642058164
3439	275.21430648444317
2232	245.70116487455198
194	3409.0515463917527
1872	253.6073717948718
5019	246.98166965530982
3270	252.81009174311927
3845	205.49102730819246
638	1315.967607105538
5900	207.61033898305084
3120	256.51057692307694
2320	261.7915948275862
3610	227.96897506925208
161	3503.5335313709597
290	3503.5233990147785
62	2954.738448125546
83	2868.863412835013
340	3473.9212802768166
14	2628.492636229749
400	3531.140192307693
1878	236.57827476038338
6381	245.51872747218303
3100	217.08451612903227
4071	260.80520756570866
350	3585.7966137566136
2275	241.97494505494507
1254	234.76634768740033
174	3212.7375478927192
498	2445.0100401606423
309	3591.378417587323
4217	259.6208204884989
2106	236.90384615384616
1784	251.30156950672645
262	3308.568945915219
572	2977.396853146853
2702	251.39082161361955
3311	254.35064935064935
1893	240.90887480190173
158	3470.7075182201766
4334	260.18066451315184
646	262.1656346749226
3462	253.631426920855
43	2882.3095316082536
2724	247.43171806167402
119	3205.527194211018
2055	231.29391727493916
324	3166.224691358025
1762	215.75312145289445
399	3106.447254499886
765	225.86797385620915
4089	238.86524822695034
2299	247.96737712048716
1313	277.1294744859101
79	2932.7862485615656
392	3338.505878438331
417	3091.93445243805
266	3571.6568206229863
2788	243.79626972740314
3722	255.77861364857603
226	3456.5231394168
57	2796.5663243474537
276	3644.2761457109286
2512	249.50437898089172
133	3204.8412812854053
4817	261.4947062487025
945	252.05925925925925
5185	235.80867888138863
3179	261.9216734822271
529	3507.538752362949
5165	249.8081316553727
3343	234.30152557583008
151	3502.704691726517
437	3387.1622171370454
6814	250.69415908423832
6688	254.41417464114832
3412	236.88159437280189
2911	245.92648574373067
3475	271.0834532374101
3698	252.30394808004326
268	3399.3261680726796
502	3217.6321381142097
3011	194.61208900697443
1781	244.90342504211117
27	2679.291119076064
4573	257.6359064071725
1645	247.11367781155016
367	3248.1341561147615
2118	214.23229461756375
235	3661.0473500967105
708	274.0593220338983
3266	245.529699938763
3372	158.32799525504151
5697	265.428822187116
1039	192.98075072184793
804	232.092039800995
421	2294.9501187648452
102	2887.0387063916473
1439	223.38290479499653
261	3315.463065134101
2357	262.6542214679678
1812	230.64348785871965
7293	246.48388866035924
453	3061.63097866078
717	238.66248256624826
215	3424.329026701119
2604	241.56413210445467
2439	243.52275522755227
1722	224.24099883855982
2534	242.0303867403315
4853	247.3434988666804
4191	247.47816750178956
522	236.9463601532567
282	3491.7486702127653
3516	261.6331058020478
979	260.1562819203269
439	2320.973424449506
127	3278.1350334939475
1274	280.1923076923077
2899	261.16384960331146
175	3234.1676967930025
4293	241.96832052177965
1648	269.2366504854369
3329	241.01922499249025
1606	219.57907845579078
382	3170.379999999999
410	2753.009756097561
395	3547.478199718705
2350	227.95617021276595
2432	249.44592927631578
1204	264.0207641196013
4533	257.78777851312594
5791	248.12761181143154
2374	251.6541701769166
7204	251.18725707940033
6280	249.353025477707
2858	229.0293911826452
2181	247.4401650618982
281	3603.365954922894
489	3425.4778459441036
3843	239.60031225604996
332	3458.923981640849
1331	247.5785123966942
513	3300.0838206627677
256	3605.1389898255816
565	251.40353982300886
647	275.98608964451313
131	3301.6806615776086
137	3268.6068708346547
657	248.37392186707254
4953	241.8330304865738
2917	242.34693177922523
784	229.21045918367346
575	2872.330434782609
470	3290.8323404255325
51	2863.3912119064485
69	2630.129259694477
344	3378.6998837209308
6347	248.78099889711675
680	1098.963725490196
2308	243.13518197573657
4105	229.33641900121802
2663	268.7589185129553
1787	277.4991606043649
3684	265.6498371335505
4208	246.2735266159696
4377	239.4893762851268
2775	262.84216216216214
682	237.87390029325513
3377	263.4261178560853
300	3553.9266666666667
520	2142.107692307692
136	3314.9354946524068
1298	263.22033898305085
1015	274.7507389162562
1009	243.56491575817643
2455	250.82912423625254
897	233.56633221850612
371	3382.1531254011034
2562	244.79391100702577
1888	234.05985169491527
142	3229.2243874204128
2007	260.34678624813154
865	262.0578034682081
2167	241.32671896631288
2933	276.9740879645414
188	3504.5542707369727
6090	251.55730706075533
1654	194.37847642079805
373	3262.7787086684543
512	3097.712890625
4890	248.42106339468302
3499	245.07802229208346
143	3255.9253019707558
574	1077.5418118466898
531	1879.2561205273068
3114	248.31856133590236
1705	279.7876832844575
2687	256.75660588016376
120	2950.799487179487
2552	263.7315830721003
3543	269.43099068585946
2565	279.8167641325536
4637	250.8276903170153
586	1745.9215017064846
4759	259.5931918470267
384	3489.2597222222225
5087	256.02791429133083
264	3585.132575757575
2997	270.5428762095429
6298	248.26040012702444
2113	235.54898248935163
1544	239.1424870466321
88	3038.3163138231625
885	278.07005649717513
2948	242.00288331071914
70	2895.1485370051632
2361	233.9733163913596
157	3109.3735360591736
4343	252.13631130554916
1264	250.0743670886076
26	2861.872195512821
412	3197.1531332744926
163	3251.6300217692465
4325	264.8737572254335
4690	260.14285714285717
3063	209.11818478615737
678	249.68879056047197
2551	224.70874166993335
5436	257.09896983075794
1747	257.8757870635375
1658	280.5331724969843
1550	266.02774193548385
391	3294.520744529696
1358	292.19072164948454
3436	216.18073341094296
334	3365.53564745509
834	250.00599520383693
627	220.4066985645933
1209	265.848635235732
68	2735.6680453431377
250	3308.1996444444444
757	223.776750330251
2112	205.16287878787878
55	2908.0954010695186
5246	259.53888677087303
4420	257.89230769230767
5109	263.4736739087884
469	3369.9253731343283
52	2685.0748123827393
514	3599.665369649805
267	3085.640707736019
3261	272.16590003066545
760	239.79868421052632
2584	250.4655572755418
509	3285.7249508840864
2502	266.8233413269385
3754	262.9906766116143
3085	270.9384116693679
3776	253.62566207627117
2998	255.31654436290862
3296	261.2679004854369
24	2769.7102272727275
118	3284.3732849071835
466	3170.6545064377683
671	233.31296572280178
41	2661.8659847888807
1278	264.6713615023474
1630	230.84294478527607
169	3380.8020361990953
1940	255.08711340206185
4658	220.71232288535853
2416	255.85844370860926
202	3497.385605483624
644	253.06055900621118
200	3468.256176470587
388	3617.988831615121
4415	255.59569648924122
655	2390.9175572519084
1808	236.2566371681416
2558	268.95856137607507
3800	269.2423684210526
8126	244.54245631306915
258	3593.0119186046513
249	3480.0234664146783
187	3665.191664544607
970	255.43969072164947
609	235.0432402846196
5640	265.55744680851063
48	2898.707264957266
6749	251.24803674618462
2100	245.12238095238095
756	290.3253968253968
546	1650.7380952380952
66	2874.703282828282
294	3551.7396199859254
4630	239.35442764578835
693	234.33044733044733
4497	257.4485212363798
459	2602.206487533285
2790	269.50609318996413
386	3534.0987182983363
166	3294.1250602409636
