278	2538.226945716154
848	1611.910966981132
1336	805.8502994011976
586	1715.8037542662116
1401	787.6070663811563
1394	1088.954806312769
80	3467.1765625000003
216	2646.59885620915
63	3458.6596119929454
174	3094.129973474801
199	3121.295764536971
3684	409.6845819761129
113	3373.04092920354
151	3020.6589403973508
250	2231.6240000000003
881	1268.1203178206583
1976	650.832995951417
1349	1121.6412157153447
1177	1057.7272727272727
580	1570.3064655172416
1245	832.9967871485944
3923	386.99566658169766
11	4122.431818181818
585	1717.328774928775
1201	1239.5678601165696
1039	1391.856592877767
863	1593.1877172653535
503	2192.5447316103377
1300	1159.1953846153847
315	2372.0955908289243
842	1619.8004750593825
380	2070.190350877193
426	2175.248043818466
805	998.7465838509316
1348	1122.7626112759644
795	1682.2188679245282
181	3203.815837937385
430	2069.013953488372
1032	1399.2945736434108
601	1695.0354963948976
1402	984.6557299096529
388	2470.528994845361
1428	969.8893557422971
1292	819.4852941176471
1310	813.8801526717557
754	1381.8023872679046
1098	1333.2040072859745
1993	647.2558956347215
1218	842.0903119868638
138	3038.957427536232
1043	902.470757430489
186	2817.8865591397853
3910	388.19667519181587
1075	1355.5327131782947
613	1970.1082109842307
369	2524.379403794038
1556	746.0841902313624
1707	708.770943175161
94	3664.576241134752
834	1630.1067146282974
2590	542.8552123552123
990	1444.3757575757577
675	1460.874074074074
1272	1181.1014150943397
906	1540.8283664459161
2187	609.7960676726109
95	3660.0807017543866
410	2412.580487804878
2004	644.9760479041917
3731	405.08818011257034
2323	585.729659922514
694	1440.9250720461096
1041	902.8885686839577
796	1680.850083752094
873	1580.5521191294388
2150	616.7390697674418
781	1470.9129321382843
673	1061.5126300148588
557	2077.4658886894076
1540	749.9896103896103
439	2146.9069855732723
1146	865.5130890052355
2295	590.5782135076253
581	2029.475616752725
622	1954.9646302250803
371	1446.1262353998202
571	1581.4124343257445
154	3197.039888682746
1362	1112.308370044053
3400	438.9970588235294
218	2827.220756880734
621	1304.9178743961352
731	1774.5581395348838
636	1929.9119496855346
2710	525.0988929889298
10	4124.05
349	1819.0016373311498
1007	1170.8589870903675
2400	572.8075
82	3473.551649928264
695	1830.5438848920862
2301	589.6588439808779
515	2165.214239482201
162	3296.8194444444443
589	1559.5033955857384
2270	594.7149779735682
587	2019.4301533219761
2129	620.731798966651
774	1187.720607235142
1753	698.2966343411294
3917	387.55118713300993
483	2022.0198757763974
1080	1350.2407407407406
192	3004.2252604166674
1945	657.0838046272494
221	2786.665804783451
595	2003.6543417366947
1449	1050.295376121463
157	3105.542108987969
618	1961.2495954692558
1387	791.2480173035328
1452	1048.2148760330579
273	2258.3672161172162
1130	1158.8702064896754
950	1488.8626315789475
2223	603.1003148897886
1203	1237.802161263508
62	3646.7756598240467
15	4115.774358974359
1121	874.2024977698484
3990	380.9458646616541
279	2507.0824372759853
631	1937.8312202852615
530	1135.0254716981133
1260	1190.8277777777778
198	2537.6515151515155
1880	669.9154255319149
1006	1426.9870775347913
878	1574.517653758542
145	3049.82183908046
978	1457.9478527607362
714	1800.689075630252
3321	447.7305028605842
211	2687.639283833597
3005	485.4179700499168
173	3241.568400770713
323	2381.3690402476777
1391	790.41049604601
1684	714.4097387173397
2385	575.3660377358491
2508	555.408692185008
2049	636.2596388482186
525	1941.927619047619
550	1849.8777272727273
1207	845.7381938690969
3291	451.05986022485564
455	2302.498901098901
612	1384.9123093681917
668	1387.45748502994
867	1588.2145328719723
2483	559.4397905759163
1106	1325.1690777576853
4112	370.1921206225681
847	1296.184769775679
2605	540.5562380038388
712	1422.7068117977528
3276	452.7988400488401
564	1117.311170212766
1674	716.6541218637993
2134	619.6963448922212
178	2954.5529695024084
39	3823.6941391941396
637	1078.591836734694
88	3594.1056818181814
1455	1046.1281786941581
485	2232.143298969072
1067	1363.7535145267104
1333	1133.9444861215304
1339	1129.4548170276325
16	4110.6
927	946.7615965480043
924	1518.845238095238
266	2413.33888292159
1162	860.3717728055077
1466	1038.519270122783
352	2572.847537878788
1309	813.938884644767
2425	568.5938144329897
255	2893.1320261437904
3733	404.8866863112778
177	2760.714689265537
4084	372.64030362389815
2801	512.4323455908605
37	3820.95841995842
1326	1139.2194570135746
190	2802.946315789474
1347	1123.362286562732
1350	1121.1014814814814
2767	517.1532345500542
722	1786.9598337950138
647	1909.5141679546625
408	1812.2855392156864
13	3676.141025641026
47	3378.6743044189852
839	983.1668653158522
404	1819.0724009900991
1619	729.8276714021
275	2654.3139393939396
229	2330.7676855895197
336	1710.8363095238094
407	2014.4095004095004
1013	1166.5814412635737
303	2726.1584158415844
578	1804.1842560553632
870	970.2827586206898
1355	800.8007380073801
445	2325.50658105939
917	1335.0468920392584
1185	1052.8037974683543
368	2526.095788043478
405	2424.2975308641976
776	1360.7036082474228
1222	1221.7716857610474
1532	752.0848563968668
1045	1386.1234449760766
784	1008.2397959183673
1655	721.4223564954683
416	2396.5272435897436
1263	1188.571654790182
1143	1149.0813648293963
117	3175.587606837607
984	1450.920223577236
852	977.5363849765258
419	1993.1575178997612
752	1263.1972517730494
29	4062.18582375479
124	3143.065860215054
1887	668.9470058293588
982	1188.8752545824848
2741	520.7723458591755
1014	913.0083826429981
403	1210.8709677419354
1017	911.7851524090463
957	1208.0804597701149
643	1636.6718506998443
51	3931.2098039215693
102	2990.609243697479
944	1217.8961864406779
1171	1265.5661827497865
111	3173.1244881244884
305	2144.8222950819672
2553	548.4692518605563
33	4037.888257575758
1421	1069.9204785362422
41	3631.1986062717774
1257	1193.2736674622115
725	1409.713103448276
110	2852.695454545455
1192	1247.2902684563758
1271	1003.652242328875
1511	757.3673064195897
123	3263.1978319783198
1805	686.8797783933518
1514	756.9557463672392
244	2614.2770491803276
381	1224.3674540682414
2103	625.7051830718021
709	1043.6897038081806
2	3523.076923076923
373	2085.107238605898
588	1713.0056689342402
994	1439.693661971831
1575	740.8425396825397
215	2742.82198731501
3077	476.42281442963923
958	1479.9081419624217
659	1067.9757207890743
283	2523.249598458079
1145	1288.9275109170305
1717	706.6243447874199
2735	521.5798903107861
77	3552.7946815089663
389	2259.1559554413025
1035	1396.0248792270531
1435	777.9101045296168
1680	715.4008928571428
2245	599.0227171492205
295	2752.6707627118644
2405	571.9110187110188
3847	394.0413309072004
4136	368.0913926499033
413	1804.2245762711868
869	969.2128883774453
2720	523.6683823529412
230	2989.8826086956524
2029	640.1384918679153
1657	721.0006035003017
1354	880.4250369276218
14	4116.508928571428
623	1952.4277688603531
56	3335.9464285714284
167	3082.7940119760474
1450	1049.5634482758621
2417	570.0244104261482
3269	453.5766289385133
627	1945.6539074960128
837	1626.0812425328554
818	1124.319315403423
524	1809.81679389313
133	2859.756176154672
220	2357.350909090909
1194	1146.5018844221104
509	2049.3064833005897
745	1753.3986577181208
79	3375.4831223628685
504	1843.3981481481485
945	939.6507936507936
284	2493.217605633803
1528	753.2094240837696
267	2338.3245942571784
434	2352.615207373272
904	1249.4856194690265
1832	680.7177947598253
1368	1107.9429824561403
1731	703.2744078567302
768	1720.52734375
1436	777.9324512534819
2692	527.6441307578009
684	1848.0840643274855
769	1719.0416124837452
1142	1291.4036777583187
1282	822.6084243369735
318	2529.4198940748092
555	2081.1513513513514
268	2656.365205223881
2083	629.4944791166587
1251	1198.1550759392485
1266	1186.0695102685625
506	1926.338438735178
1001	917.9250749250749
1418	1071.9971791255289
1640	724.7408536585366
83	3410.593803786575
1280	1174.85703125
750	1746.2843333333333
755	1452.0362913907284
387	2055.8070628768305
696	1828.3419540229886
3393	439.7636310050103
106	3109.844863731656
566	2059.6342756183744
144	3163.0138888888887
1018	1414.2220039292731
184	2987.099033816425
1978	650.3326592517694
3260	454.6223926380368
1392	1090.5183189655172
1318	811.4506828528073
681	1852.836270190896
744	1026.9879032258063
1409	932.0017743080199
6	4131.833333333333
1405	786.1594306049822
1003	1173.739780658026
66	3704.2540106951865
1613	731.6106633601984
3569	421.21742785093863
743	1513.4172274562582
81	3622.6213991769555
365	2535.3561643835615
733	1772.1787175989086
1469	1036.4036759700477
1369	1107.0584368151935
1968	652.2708333333334
1029	1402.6948493683187
998	1306.4942384769538
451	2311.6341463414633
523	1475.5908221797324
543	1617.3324125230201
87	3712.5873563218383
1734	702.638985005767
2628	537.1457382039574
1709	708.6091281451141
1138	868.3831282952549
855	1446.2277777777779
3280	452.3341463414634
1237	1209.3718674211802
36	4022.70987654321
337	1936.4569732937684
488	1958.8437499999998
1034	1397.5009671179885
562	1435.070581257414
872	1377.6697247706422
393	1526.984096692112
242	2942.403305785124
1517	756.3052076466711
2170	612.8921658986175
363	2214.531680440771
583	2024.9296740994855
1025	1406.8839024390245
227	2004.797356828194
997	919.1875626880642
394	2454.194162436548
1044	1225.227650063857
350	2577.5485714285714
2898	499.3178053830228
3597	418.3561301084237
964	1473.331950207469
2647	534.2999622213827
703	1560.7738264580373
2960	491.2402027027027
141	3067.3676122931442
271	2531.3129151291514
136	3427.0978506787333
4123	369.2347804996362
228	1891.328947368421
38	3421.724696356275
3019	483.659489897317
619	1959.366720516963
844	1616.9917061611375
270	2649.360648148148
125	3139.4973333333332
423	2379.0042027843447
340	2269.2889705882353
547	1125.9835466179159
2201	607.2703316674239
894	1356.4425801640566
3427	436.077910709075
1343	1126.3715562174236
953	1485.729275970619
634	1932.400105152471
292	2211.6883561643835
3376	441.62588862559244
105	3323.9607142857144
739	1175.7320703653586
897	1550.7079152731326
821	1646.7058465286236
1229	838.1920260374288
441	2335.377551020408
987	1185.482776089159
644	1914.6156832298136
911	952.8902305159165
584	2023.7816780821918
428	2366.141355140187
607	1537.9229818780889
497	2204.5392354124747
2002	645.5144855144855
74	3433.113305613306
1234	1211.7123176661264
444	2041.9605855855857
474	2257.940928270042
1434	891.3690376569039
985	1274.4622673434853
1881	670.2538543328017
568	2055.330985915493
1152	1073.146267361111
341	2435.6041055718474
615	1528.7317073170732
1290	1166.9201550387597
223	2600.0807174887896
943	1497.0699893955461
1918	662.7200208550573
918	1525.2287581699347
656	1619.5746951219514
1314	1148.3462709284627
2599	541.4040015390535
655	1896.42213740458
1506	758.8937583001328
1031	1400.4626576139672
28	3742.160714285714
772	1539.0492227979275
171	2400.4795321637425
691	1836.603473227207
1046	1062.0557680050988
134	3438.620646766169
610	1534.6467213114754
185	2730.972972972973
920	1524.2820652173914
2472	561.1055825242719
165	3043.034848484848
742	1465.987870619946
2237	600.6598122485472
2216	604.5821299638989
645	1914.4527131782947
1281	998.4594067135051
1577	740.9074191502854
301	2491.982281284607
570	1348.1030701754385
1232	1213.357142857143
3566	421.52860347728546
196	3134.170068027211
1699	710.8728663919953
4133	368.35277038470844
425	2374.2282352941174
1228	1216.6514657980456
43	3979.8268733850127
119	3282.162464985994
281	2050.542704626335
630	1082.1412698412698
209	2432.0535287081343
132	2767.2979797979797
364	2538.0638736263736
706	1429.0250236071768
841	1620.5755053507728
790	1689.6949367088607
188	2810.2244680851063
1578	740.4493029150824
1154	862.4592720970537
734	1769.7425068119892
974	1106.551676933607
1340	1128.3223880597016
1416	976.7610640301318
285	2339.9477192982454
679	1856.4860088365244
1068	893.4119850187266
825	1315.9151515151516
251	2274.224701195219
983	925.3001017293998
1376	1102.1159156976746
698	1826.1704871060172
736	1767.789402173913
923	1520.7258938244854
2585	543.5485493230174
147	2975.380498866214
1356	1116.6497050147493
1512	756.9603174603175
966	1471.2494824016562
49	3682.325456498389
470	1827.7340425531916
999	1434.4634634634635
574	1112.5283101045297
440	2337.4
797	1341.0834378920954
89	3375.8346709470306
27	4074.4305555555557
101	3284.3579588728103
783	1469.0719455087271
657	1893.6666666666667
3066	477.81441617742985
928	1514.9504310344828
130	3457.4067307692308
517	2160.818181818182
1451	1048.9228118538938
172	2780.658430232558
487	2226.094455852156
4091	372.03519921779514
1179	1123.5643200452362
4035	376.9457249070632
3026	482.8314606741573
968	1199.7246900826447
287	2781.95818815331
1239	959.7070217917676
206	2144.6897616946158
366	2531.637522768671
272	2642.434283088235
677	1058.4150664697192
827	1314.13361547763
1246	1202.0987158908508
97	3170.8210603829166
903	1544.2953119232188
885	1566.0050847457628
60	3705.0261904761905
572	2047.067599067599
3040	480.9950657894737
802	999.4039900249377
1630	727.5803680981595
210	2787.3873015873014
913	1145.5151515151515
3564	421.72418630751963
158	3314.8235759493664
212	2636.741745283019
594	1703.9203142536478
391	2462.078918523931
908	1343.7224669603524
259	2098.0289575289576
1700	710.6194117647059
2719	523.491357116587
3097	473.99806264126573
2968	490.1536388140162
290	2277.9614942528738
495	1683.0555555555557
708	1809.0155367231637
793	1684.341740226986
851	1607.8108108108108
307	2426.898371335505
511	2172.6223091976517
2846	506.2196064652143
545	1823.3093053735254
1264	1187.5680379746834
533	1629.8569418386492
1550	747.4509677419355
452	2308.1150442477874
1047	1383.9694364851957
21	4101.074829931973
461	2287.6295492889853
417	2393.8642685851314
2183	610.472743930371
522	1645.205938697318
1255	830.2019920318726
3221	459.14374417882647
777	1475.3951093951093
1813	684.8234969663541
269	2076.4758364312265
1328	890.683358433735
459	2106.015976761075
1176	1058.4426020408164
799	1676.2540675844807
718	1227.9564763231197
429	2364.3513986013986
3250	455.77938461538463
981	1101.472986748216
499	1850.5450901803608
937	1503.5336179295625
331	2405.847935548842
1457	953.8737131091283
803	1559.1938563719384
316	2682.676160337553
448	2317.9508928571427
3575	420.5854545454545
569	2052.403339191564
1103	1327.7833182230281
715	1799.311888111888
975	1061.1287179487178
226	2635.8028515240903
335	2624.5238805970143
1023	1408.6652003910067
1231	837.5475223395613
412	2407.1771844660198
2312	587.6600346020762
298	2014.221476510067
1558	745.3639281129654
577	2037.754766031196
1230	1215.1329268292684
180	2749.8902777777776
642	1918.968847352025
182	2588.4203296703295
849	1610.2520612485278
738	1764.3382113821142
856	1601.7990654205607
1168	1268.2166095890411
457	2295.9671772428883
995	1179.3844221105528
876	1577.0684931506848
888	1562.0900900900901
1592	736.945351758794
297	2502.378787878788
1676	716.3782816229117
591	2009.8071065989848
263	2347.38783269962
1430	1063.553846153846
986	1448.6511156186612
456	1925.471978557505
808	1664.756188118812
342	1589.515350877193
513	1827.9603638726446
442	2331.1862745098038
1312	813.1585365853658
2652	533.5656108597285
304	2362.9128289473683
764	1017.8180628272252
880	1268.7517045454547
356	2230.813904494382
476	2071.3137254901962
561	1499.213547237077
955	1482.9717277486911
3825	396.11764705882354
1351	1014.1655563779917
1092	884.3910256410256
468	2270.4268162393164
884	1265.5308257918552
2934	494.4815950920245
875	1577.8828571428571
3581	419.95252722703157
353	2391.545042492917
355	2398.054225352113
717	1038.3347280334729
763	1727.8577981651374
690	1838.6014492753623
343	2262.1596209912536
1056	1374.6145833333333
1120	874.3575892857143
238	2144.258403361345
912	952.2302631578947
919	1525.1741022850924
1165	859.2721030042918
2988	487.6131191432396
1209	1232.8246484698097
1020	1411.906862745098
383	1979.2872062663184
915	1337.0506375227687
1977	650.5806777946383
599	1817.0213689482468
98	2812.3801020408164
233	2273.8338442673207
804	998.8072139303482
965	1202.0419689119171
1443	1054.4428274428274
126	3479.134920634921
2925	495.6923076923077
330	2179.550505050505
502	2193.0637450199206
815	1655.0184049079755
778	1358.3033419023136
893	1258.3740201567748
1261	1069.617499339149
1782	691.7800224466891
2856	504.921568627451
237	2636.083544303797
1086	1192.1000613873541
288	2530.212962962963
544	2102.7886029411766
1151	864.1459600347524
661	1475.9515885022693
108	3365.381481481482
1411	1076.9254075124027
1863	674.1309715512614
2081	629.9274387313792
148	3062.436590436591
2871	502.8052943225357
2380	576.1689075630252
1249	1199.5676541232986
779	1356.9839537869063
1426	971.0932678821879
473	1986.1326638477801
1182	1121.6359278059786
662	1679.7915407854985
258	2882.7645348837214
75	3789.0408333333335
1580	739.7082278481013
749	1506.2051624388075
871	1378.5744355147342
203	2522.452380952381
277	1807.034296028881
201	2409.957213930348
1831	681.0453304205353
2947	492.8822531387852
396	2095.8311688311687
296	2750.636824324324
24	4091.7236842105262
820	992.3219512195122
1166	1064.5034305317324
189	2986.828042328043
1417	1072.6729004940014
1366	1109.3870180575889
625	1661.2074666666667
701	1820.2111269614836
667	1672.787856071964
4080	372.9873774509804
746	1440.6775181922635
313	2693.341054313099
458	2294.499126637554
463	2282.0655147588195
496	1680.4329637096776
294	2757.4818594104313
537	2117.658659217877
1342	1046.5724664679583
1912	663.7677824267782
1440	776.9333333333333
707	1427.1357850070722
484	1805.1566115702476
1420	1070.5471830985916
166	3275.1646586345382
1285	1170.860700389105
901	957.92230854606
1289	993.9076803723817
1373	1104.337946103423
1408	1079.058475378788
1295	1162.9552123552123
579	2033.4900690846289
1458	771.7578875171467
843	1617.9972321075522
866	1589.141454965358
477	2250.0796645702308
1358	799.9926362297497
219	2190.8196347031962
1100	1106.1922727272727
1721	705.6217315514236
540	1948.0021604938272
127	3165.468110236221
963	1474.1448598130842
519	1818.3217726396915
604	1763.8613410596029
169	3090.99892415277
2824	509.20520538243625
2319	586.3441138421733
1425	1066.9863157894738
2788	514.1779053084648
44	3973.9151515151525
1173	1263.7719522591647
1009	915.1124876114966
3302	449.8582677165354
2682	529.2419835943326
322	2665.195652173913
3692	408.8957204767064
538	1131.8847583643123
1324	1140.7756797583081
1549	747.8153647514525
1496	761.7132352941177
3885	390.5021879021879
446	2321.1008968609867
3215	459.8186625194401
1112	877.2086330935252
2894	499.871803731859
535	2122.5121495327103
726	1781.607438016529
1433	1061.4580134915095
1464	1019.1551071878943
1016	1415.7175196850394
3118	471.4297626683772
2822	509.38377037562014
411	1927.5542579075427
1422	781.5450070323488
392	2458.5510204081634
1071	1359.3492063492063
791	1687.0404551201013
2279	593.3813075910487
1463	950.5618591934381
676	1861.2041420118342
2455	563.8676171079429
481	1881.4584199584199
682	1586.3431085043987
236	2149.6977401129943
1645	723.5313069908815
421	2383.0538400633413
35	4029.228571428571
155	3088.458870967742
720	1414.1256944444444
907	1247.2337375964719
1087	886.1550137994479
135	2621.2311111111107
1276	1178.128526645768
3726	405.5829307568438
312	2459.655982905983
1437	918.0675017397356
2839	507.2307150405072
3786	399.7992604331749
2443	565.7662709783053
898	1550.1347438752784
1761	696.6456558773424
115	3302.6521739130435
447	1637.5901565995525
713	1802.0383356708742
1650	722.5224242424242
942	1219.933651804671
1220	1223.504918032787
929	1371.5484391819161
532	2128.5526315789475
3528	425.42261904761904
306	2715.650326797386
3475	430.9663309352518
789	1005.2737642585552
507	1838.3205128205127
183	3193.881967213115
1169	1267.202737382378
324	2658.3593474426807
672	1867.5729166666667
420	1792.547619047619
449	2031.9955456570156
1198	1045.24081803005
1508	757.6697612732096
1898	666.7397260273973
247	2391.2226720647773
653	1622.3476263399696
129	2915.0361757105943
688	1842.2238372093022
1481	765.3176907494935
1987	648.5138399597383
3172	464.890605296343
152	3100.004934210526
549	2093.9280510018216
1320	977.1272727272726
491	1156.715885947047
2243	599.699063753901
17	4110.372549019608
325	2097.070769230769
1599	734.9268292682926
213	2817.1569416498996
114	3157.414673046252
246	2727.3475609756097
758	1734.675461741425
479	2029.240083507307
427	2368.172131147541
567	2057.0776014109347
651	1486.805683563748
45	3525.073202614379
118	3101.492372881356
175	2968.3861224489797
1240	1206.9177419354837
362	2108.5994475138123
1265	1007.0347826086957
121	3156.219008264463
976	1193.704405737705
235	1878.8524822695038
1890	668.542328042328
816	994.2303921568628
153	3061.9922191098663
510	1765.304705882353
2006	644.6036889332004
480	1811.2004166666666
1128	1304.5762411347519
179	2753.28677839851
486	1873.796982167353
232	2532.830329153605
289	2403.9615051903115
131	3161.5790621592146
1878	670.7460063897763
30	3796.5833333333335
1363	954.929567131328
1361	1113
1065	1365.5793427230046
1028	907.328793774319
1398	788.6323319027182
1962	653.5242099898063
838	1624.6491646778043
1462	973.6041381668946
2755	518.767332123412
787	1235.8238034731046
979	1456.4101123595506
1125	1307.2653333333333
1313	1149.2170601675552
23	4094.365728900256
361	2110.426592797784
699	1824.505007153076
1073	1357.406958682821
617	1526.7398703403564
1384	1096.2225433526012
57	3895.597953216374
887	1563.5321307779031
3171	465.02270577105014
377	2501.001326259947
193	2737.0219210840974
747	1750.6697902722
1284	821.5101246105919
4145	367.29770808202653
751	1504.5801154016865
1211	1230.6961189099918
819	1649.6886446886447
146	2809.888454011742
649	1073.2288135593221
3921	387.1892374394287
836	1627.281100478469
1393	1089.724335965542
1658	720.3552472858867
344	2371.8531976744184
1696	711.503537735849
59	3884.5847457627115
1729	704.0884904569115
437	2344.7391304347825
319	2439.144723092999
1386	791.7727272727273
935	1131.3607843137254
149	3079.861936720997
1119	874.8025022341376
96	3524.344362745099
632	1509.298259493671
438	1846.9980430528374
934	944.2301927194861
310	2702.3559139784948
801	1673.9825218476904
1072	1124.9911380597014
2097	626.8392942298522
626	1947.3290734824282
399	2194.8255639097742
508	1922.4025590551182
100	3630.3311111111107
293	2318.6832764505116
2281	593.0995177553705
467	1997.4855460385438
372	2087.3978494623657
1064	1366.515037593985
3080	476.0847402597403
86	3451.1142270861833
494	1947.3491902834007
1226	1092.1636759108212
660	1887.8823232323232
840	983.2583333333333
732	1773.4774590163934
2762	517.7023895727733
2442	565.9479934479934
348	2584.722701149425
3873	391.61218693519237
78	3478.721955128205
214	2866.197819314642
948	1306.9324894514768
200	2981.1242307692305
4021	378.186272071624
195	3139.82905982906
548	1126.3339416058393
889	1411.4206974128235
61	3872.0176544766705
727	1780.735900962861
526	2141.605513307985
1444	1053.7756232686982
261	2354.5925925925926
354	2235.558615819209
1765	695.2090651558074
333	1715.9604604604604
1066	1129.2392120075046
367	2205.6975476839234
85	3725.7739495798314
1298	1046.350796096559
249	2915.671485943775
597	1699.4329052670764
1042	902.7543186180422
1413	1075.510261854211
1438	1057.914464534075
1235	1024.0064777327934
967	1200.1370217166495
9	3458.8888888888887
663	1474.1116138763198
1559	745.047466324567
415	2160.310843373494
922	1521.617136659436
1930	659.8632124352332
576	1574.868923611111
3015	484.20729684908787
3451	433.5221674876847
1329	1136.7735139202407
375	2080.185777777778
370	2037.5476351351351
991	1443.1311806256306
1258	1192.4117647058824
2422	569.2295623451693
71	3815.302034428795
31	4049.5376344086017
947	1492.0559662090814
892	1557.3082959641256
1215	1227.7374485596708
773	1433.2157826649418
2021	641.8095002474023
140	2495.6935064935064
3450	433.63188405797104
1311	1150.5507246376812
1186	1252.4543282743114
314	2406.308280254777
1352	960.6708579881656
1371	1105.6776075857038
1518	756.0125164690382
1330	807.6511278195488
2152	616.314126394052
1461	1041.9751882272417
1197	1242.954051796157
302	2005.8609271523178
1084	1040.5073800738007
1287	995.0271950271949
551	1606.5263157894738
225	2532.847619047619
603	1988.5008291873964
1126	1306.5781527531083
1134	1299.084832451499
53	3483.4905660377362
900	1252.931111111111
865	1384.4285163776494
3618	416.2319882071126
390	2257.262820512821
639	1500.4773082942097
700	1434.7442857142855
1303	815.552570990023
1315	812.3262357414449
4062	374.5775480059084
67	3325.756929637527
658	1479.8047112462007
1507	758.5222295952223
602	1544.7234219269103
616	1818.9740259740258
326	2651.5145705521472
2857	504.72418620931046
3858	393.0080352514256
20	4101.48888888889
22	4097.272727272727
386	2475.766321243523
286	2412.676136363636
633	1935.2085308056871
669	1872.4656203288491
1217	1225.850451930978
860	974.8546511627907
471	1989.658704883227
1212	844.2087458745874
938	942.4456289978679
692	1835.1459537572255
829	1636.6501809408926
563	1828.7633214920072
1286	820.7674961119751
926	1517.0869330453563
1184	852.3133445945946
3349	444.5538966855778
50	3937.7212499999996
4135	368.17605804111247
896	1354.7299107142856
55	3683.6545454545458
3824	396.2034518828452
775	1477.9036559139786
1026	1405.701754385965
3167	465.49952636564575
1299	817.0754426481909
3705	407.62483130904184
807	1665.6716232961587
46	3753.3242753623185
1077	1353.5348189415042
197	3130.364213197969
1984	649.2086693548387
890	961.4853932584269
1319	1144.5034116755116
2136	619.4044943820224
276	2061.7711352657007
475	2036.5065263157896
883	1366.9211023027558
1367	1108.6572787125092
1060	895.9635220125787
592	1827.8131756756757
204	2518.2900326797385
402	2025.8200663349917
2007	644.3358246138515
64	3655.4765625
2431	567.8050185109008
329	2296.3191489361707
156	2357.0416666666665
823	1317.5182260024303
2911	497.6025420817588
939	1501.562832800852
1459	1043.3725154215217
92	3359.2181677018634
2202	607.1435059037238
1308	1153.0879204892967
2164	614.112292051756
810	1661.4839506172839
472	1988.2055084745762
4113	370.11147580841237
334	2352.123353293414
521	1747.4690978886756
398	2266.974874371859
1743	700.4380378657488
674	1596.333827893175
902	1545.5092387287511
2056	634.7908560311284
930	1512.335483870968
1252	1197.3330670926518
3240	456.9391975308642
34	3872.7555147058824
824	1642.360436893204
2604	540.6962365591398
160	2986.319791666667
1070	1360.5556074766355
600	1994.791111111111
3312	448.71557971014494
18	4107.753968253967
1390	1091.8510791366907
1307	984.1472838561591
914	1338.4361779722828
936	1505.0405982905984
536	1791.0640547263683
951	1074.7147739221873
168	3266.370535714286
729	1405.6296296296296
1296	1162.3148148148148
376	2290.593085106383
1273	1180.2466614296936
756	1737.8174603174602
65	3849.762895927601
104	3331.998798076923
605	1985.9644628099174
864	1282.179976851852
977	1458.6637666325487
2354	580.4915038232796
3747	403.5193488123832
798	1001.0726817042606
469	2269.272921108742
3413	437.5271022560797
252	2905.3829365079364
25	3962.358095238094
1027	1404.6129503407988
317	2210.178759200841
207	3087.23961352657
629	1942.2400635930048
2740	520.8496350364964
490	1795.261632653061
505	2186.940594059406
598	1818.7257525083612
512	2170.96875
1360	956.5577205882353
241	2406.7966804979255
493	1860.757944557133
2717	524.1593669488407
498	1939.9794176706828
1334	1133.0749625187407
1612	731.6104218362283
2505	555.6934131736527
3107	472.7730930157708
590	2013.4344632768361
565	1117.1079646017697
264	2243.1909090909094
582	1568.1675257731958
1052	1378.7075411913818
2236	600.8828264758497
291	2471.799312714777
450	2314.146666666667
2545	549.5803536345776
858	1443.1829836829836
120	3044.869444444444
406	1814.8374384236454
664	1676.745481927711
910	953.8802197802198
1269	1183.538219070134
2001	645.7316341829085
3051	479.68534906588
1800	687.7094444444444
3630	415.0022038567493
1147	1286.8910200523103
650	1488.746923076923
256	2105.0201822916665
328	1816.3823170731707
2058	634.4334305150632
3498	428.53802172670095
1431	779.0992313067785
436	2115.457798165138
1278	1176.4820031298905
1480	765.9567567567567
516	2161.779069767442
8	4130.875
432	1189.3842592592594
345	2369.6159420289855
1666	718.593637454982
553	2084.989150090416
282	2423.785460992908
460	2290.0521739130436
833	1416.389755902361
93	3674.2043010752695
741	1394.2219973009446
222	2184.25
2258	596.8928255093002
710	1806.8732394366198
1116	1315.975806451613
2343	582.3862569355528
194	2459.6613798572557
42	3649.1158730158727
243	1865.0384087791492
107	3369.1018691588783
724	1410.5621546961324
531	1467.1255492780917
1085	886.926267281106
646	1911.2678018575853
1341	803.8516032811335
52	3616.0144230769224
518	1904.7736486486488
1005	916.7751243781095
1400	1084.81
678	1858.3657817109145
1015	1165.211330049261
689	1839.3164005805515
1535	751.2188925081433
262	2286.1946564885498
500	2198.428
546	1515.703663003663
1004	1429.1065737051792
187	2723.7232620320856
766	1016.6644908616188
891	1359.2581369248037
347	1918.9726224783863
501	2196.2860944777112
558	1439.1624850657108
2057	634.6660184735051
466	2275.2193133047213
809	1440.9583848372476
234	2561.779380341881
962	933.4116424116423
1783	691.4873808188446
2500	556.5636
2615	539.034034416826
1150	1284.224347826087
620	1667.9887096774194
1325	1139.8901886792453
832	987.0649038461538
1283	1172.5120810600156
2832	508.17302259887003
628	1657.079617834395
1704	709.7335680751173
1109	878.0856627592426
414	2401.27616747182
614	1675.8094462540719
12	4123.444444444444
624	1951.0544871794873
1456	1045.430631868132
961	1476.4630593132154
1357	1115.9322033898304
257	2102.4513618677042
464	2280.5545977011498
1460	1042.6840182648402
2138	618.8157156220767
1545	748.5915857605178
2418	569.7923904052936
3516	426.6399317406143
3685	409.59484396200816
1942	657.5458290422245
321	2199.6240913811007
1175	1262.1693617021276
980	1455.1224489795918
1033	1398.3049370764763
143	2893.392191142191
1294	1163.857805255023
1588	737.8501259445844
611	1386.8919803600654
853	1396.0719030871435
433	1966.314857582756
1110	1321.3360360360361
971	1465.3237212495708
418	2391.88995215311
704	1816.4053977272729
811	1328.3024044389645
161	2876.344375431332
728	1778.951923076923
730	1529.0511415525114
608	1536.8939144736842
1159	860.7411561691113
384	2061.4782986111113
1	4142.777777777777
424	1786.728183962264
671	1061.4642324888227
609	1978.062397372742
109	3574.1341743119265
534	1794.147940074906
1989	648.228255404726
1465	904.7139931740614
1030	906.7854368932038
1639	725.3172666259915
721	1538.8740175681924
70	3523.3973214285716
1946	656.8186022610483
1685	714.1893175074184
1223	1221.0192150449714
735	1399.7142857142858
859	1598.151338766007
3560	422.11629213483144
3617	416.33149018523636
3853	393.4713210485336
2051	635.7649926864943
3121	471.0458186478693
1864	673.8114270386266
1248	1016.4755608974359
2302	589.375325803649
73	3464.791585127202
575	1577.6547826086958
993	1267.838536421618
1053	1377.7255460588794
240	2746.984375
2556	547.9780907668231
3781	400.28987040465483
1982	649.6258829465187
239	2467.6121338912135
338	2614.269230769231
90	2996.7589743589747
1040	903.3163461538461
2977	489.0406449445751
970	1287.410652920962
1214	1228.477759472817
1551	747.451966473243
1081	1349.6567992599446
32	4045.04375
91	3498.6492673992675
1012	1166.808300395257
492	1686.1676829268292
554	1123.4404332129964
1055	897.6834123222749
351	2006.3235653235654
946	1493.8953488372092
1127	871.5244010647738
2777	515.6298163485776
925	1375.2345945945947
2239	600.4644930772666
2100	626.2385714285714
4013	378.89359581360577
680	1589.1593137254902
382	1854.4306282722514
465	2119.4980030721968
1711	707.9842197545295
19	4105.047846889952
112	3556.6464285714283
76	3548.274999999999
1038	1393.4210019267823
26	3961.4632867132877
245	2289.7599999999998
916	1336.0356622998545
1062	1131.7890772128062
159	3310.3109713487074
231	2655.371428571428
693	1572.9057239057238
697	1048.7245337159254
641	1077.528861154446
260	2251.2300000000005
69	3588.4297101449274
685	1846.5481751824818
2271	594.8269484808454
1022	1409.942759295499
786	1694.7951653944021
949	938.1341763259571
254	2897.059055118111
72	3639.2787698412694
320	2390.348125
1244	1018.7704983922829
2557	547.5131012905749
327	2302.03631498471
217	3044.9662058371737
139	3243.737410071942
202	2889.0575495049507
606	1538.654290429043
992	1181.670866935484
142	3173.985915492958
3	4139.208333333334
379	1226.77308707124
1427	1065.6734407848633
2360	579.4277542372881
84	3432.505693581781
921	1522.6644951140065
2487	558.8122235625251
2309	587.9909051537462
1164	859.7774914089347
2889	500.4440983039114
638	1643.3573667711598
48	3655.654411764706
1316	812.3351063829788
3543	423.8614168783517
253	2374.8320158102765
596	1551.0721476510066
128	3151.9693509615386
58	3727.175862068965
552	1846.286684782609
514	2167.4455252918287
489	2070.70902716915
2014	643.208043694141
191	2857.867364746946
4124	369.14621726479146
300	2493.7627777777775
395	1833.1113924050633
527	2139.703984819734
4	4138.166666666667
822	991.1411192214111
960	1478.165625
1454	909.7083906464925
2461	562.8947582283624
973	1196.1479958890031
560	1499.8646428571428
719	1577.0441088813827
2085	629.1985611510792
559	1755.1144901610016
874	1579.0912471395882
374	2509.163101604278
274	2699.604622871046
2268	595.2261904761905
1338	1130.2354260089687
593	1102.133220910624
1365	1110.1663003663002
1762	696.16628830874
1410	784.5822695035461
1202	1238.6239600665558
431	1774.1890951276102
762	1728.8713910761155
164	3285.015243902439
1526	753.7640891218873
723	1412.0560165975103
2340	582.9017094017094
528	1636.692234848485
7	4132.035714285714
308	2710.259090909091
122	3082.4147540983604
1090	1340.7183486238532
2847	506.12118018967334
1374	795.1783114992722
1754	698.0957810718359
1844	677.6903470715835
1967	652.5917641077783
265	2637.5105121293805
931	1511
529	1802.521109010712
280	2504.6007142857147
400	2437.629166666667
1552	746.7912371134021
1011	1421.5835806132543
482	2238.794309425015
116	3532.803879310345
2963	490.8788390145123
666	1335.7432432432433
1501	760.0526315789474
1468	769.175068119891
539	2113.552875695733
1375	795.0123636363636
813	995.4975399753998
954	936.2012578616352
99	3390.2794612794614
176	2764.3125
1160	860.3370689655172
1208	845.0698123620309
358	2555.150837988827
378	2498.6867724867725
409	2414.1462917685412
397	2137.8998740554157
956	1481.9089958158995
299	2740.8628762541807
2060	634.0866504854368
4058	374.9223755544603
845	1615.498224852071
737	1398.1316146540028
2933	494.69757927037165
711	1042.5351617440224
422	1987.044233807267
359	2551.7961931290624
248	2463.943548387097
850	1609.4910588235296
309	2349.268608414239
932	1509.9027181688125
4068	374.05309734513276
208	2610.9860139860143
1353	1118.9275683665928
346	2590.643063583815
1899	666.591363875724
401	2433.2227763923524
3880	390.9603092783505
205	2847.7365853658544
1153	1281.5841283607979
1803	687.0898502495841
478	1938.3873281530189
68	3832.4698142414854
385	1639.7887445887445
2071	631.7633993239981
1969	652.0721178263078
759	1733.2206851119895
1200	1044.0579166666666
2570	545.8241245136187
150	2796.315238095238
332	2632.9435240963858
103	3199.669902912622
683	1849.4480234260616
2945	493.12495755517824
1399	787.940671908506
1653	721.7931034482758
1439	777.1139680333565
163	2973.222392638036
705	1045.031205673759
969	1467.498452012384
765	1370.7519607843137
1036	1395.3233590733591
1370	1106.3485401459855
1498	760.9646194926569
54	3666.72037037037
454	2076.685462555066
782	1700.608695652174
462	2285.1038961038957
1908	664.5277777777778
2114	623.4167455061495
40	3999.916666666666
224	2011.5035714285718
1256	1012.1214171974522
1010	1422.6445544554456
137	3252.47201946472
4147	367.1217747769472
1811	685.4102705687466
1695	711.4530973451327
2657	532.8614979299963
311	2461.8376205787777
1714	707.3453908984831
716	1418.8805865921788
520	2153.2865384615384
771	1365.0761997405966
170	3255.757516339869
640	1921.7765625
1596	735.8515037593985
826	1640.358353510896
1667	718.1391721655668
1692	712.4627659574468
2441	566.0950430151577
339	1254.0029498525073
1970	652.0527918781726
