0	0
1	9
2	13
3	8
4	3
5	0
6	3
7	4
8	4
9	4
10	4
11	4
12	6
13	6
14	8
15	13
16	5
17	3
18	7
19	11
20	9
21	7
22	14
23	17
24	19
25	21
26	22
27	16
28	16
29	18
30	10
31	9
32	15
33	16
34	16
35	10
36	9
37	13
38	13
39	14
40	12
41	14
42	15
43	9
44	15
45	17
46	12
47	13
48	17
49	19
50	16
51	10
52	8
53	17
54	10
55	11
56	13
57	12
58	15
59	8
60	14
61	13
62	11
63	18
64	12
65	17
66	17
67	14
68	19
69	20
70	16
71	9
72	14
73	14
74	13
75	16
76	10
77	21
78	16
79	12
80	8
81	18
82	17
83	14
84	23
85	14
86	17
87	10
88	20
89	7
90	13
91	12
92	14
93	9
94	6
95	9
96	17
97	14
98	8
99	9
100	9
101	13
102	7
103	16
104	8
105	8
106	9
107	10
108	10
109	8
110	6
111	11
112	5
113	24
114	11
115	9
116	8
117	12
118	10
119	9
120	9
121	12
122	5
123	9
124	12
125	6
126	7
127	20
128	13
129	15
130	8
131	7
132	9
133	7
134	6
135	10
136	13
137	12
138	16
139	12
140	11
141	6
142	9
143	12
144	9
145	12
146	7
147	15
148	13
149	7
150	7
151	6
152	8
153	21
154	14
155	16
156	4
157	9
158	8
159	9
160	6
161	9
162	4
163	12
164	6
165	8
166	6
167	10
168	12
169	11
170	9
171	11
172	8
173	3
174	13
175	7
176	4
177	8
178	7
179	12
180	4
181	12
182	6
183	5
184	9
185	4
186	10
187	4
188	5
189	10
190	10
191	6
192	12
193	13
194	13
195	6
196	3
197	8
198	6
199	7
200	13
201	10
202	8
203	6
204	6
205	7
206	11
207	10
208	11
209	16
210	6
211	9
212	8
213	7
214	9
215	11
216	17
217	12
218	8
219	4
220	5
221	7
222	2
223	4
224	5
225	7
226	9
227	10
228	3
229	5
230	2
231	5
232	11
233	7
234	8
235	6
236	6
237	5
238	2
239	10
240	8
241	6
242	5
243	3
244	5
245	5
246	8
247	6
248	7
249	5
250	7
251	5
252	2
253	6
254	5
255	3
256	6
257	4
258	4
259	4
260	5
261	3
262	8
263	3
264	5
265	7
266	7
267	3
268	8
269	4
270	8
271	5
272	8
273	8
274	12
275	9
276	6
277	6
278	11
279	10
280	5
281	8
282	8
283	11
284	5
285	10
286	8
287	1
288	6
289	8
290	6
291	5
292	8
293	10
294	6
295	8
296	2
297	6
298	8
299	2
300	6
301	6
302	4
303	4
304	4
305	5
306	2
307	5
308	5
309	4
310	3
311	6
312	6
313	4
314	5
315	9
316	6
317	9
318	19
319	6
320	5
321	3
322	1
323	5
324	7
325	5
326	4
327	8
328	5
329	4
330	3
331	6
332	4
333	6
334	5
335	6
336	3
337	2
338	3
339	2
340	4
341	8
342	4
343	4
344	6
345	6
346	2
347	2
348	6
349	7
350	4
351	7
352	3
353	15
354	8
355	8
356	4
357	0
358	1
359	6
360	0
361	3
362	3
363	4
364	4
365	5
366	3
367	4
368	4
369	1
370	8
371	6
372	3
373	3
374	3
375	3
376	6
377	4
378	5
379	1
380	3
381	2
382	2
383	5
384	6
385	3
386	5
387	3
388	4
389	6
390	6
391	7
392	1
393	4
394	2
395	4
396	7
397	4
398	7
399	5
400	3
401	3
402	3
403	1
404	4
405	2
406	2
407	3
408	4
409	6
410	3
411	5
412	3
413	4
414	3
415	5
416	3
417	5
418	4
419	3
420	6
421	3
422	3
423	9
424	4
425	5
426	6
427	2
428	2
429	4
430	4
431	2
432	1
433	3
434	1
435	0
436	5
437	1
438	7
439	6
440	1
441	2
442	3
443	0
444	4
445	7
446	1
447	5
448	1
449	4
450	4
451	1
452	5
453	0
454	5
455	1
456	9
457	5
458	5
459	6
460	1
461	9
462	2
463	3
464	3
465	7
466	5
467	4
468	4
469	2
470	5
471	4
472	4
473	4
474	1
475	5
476	6
477	1
478	7
479	5
480	5
481	6
482	7
483	5
484	5
485	2
486	3
487	1
488	4
489	7
490	5
491	2
492	4
493	3
494	4
495	2
496	4
497	1
498	4
499	3
500	3
501	3
502	3
503	1
504	3
505	1
506	4
507	12
508	4
509	8
510	5
511	1
512	1
513	3
514	1
515	3
516	1
517	1
518	4
519	3
520	3
521	5
522	2
523	3
524	3
525	5
526	2
527	1
528	2
529	3
530	2
531	3
532	2
533	4
534	3
535	1
536	3
537	10
538	1
539	7
540	6
541	0
542	0
543	2
544	1
545	7
546	5
547	1
548	2
549	2
550	4
551	2
552	4
553	2
554	2
555	1
556	0
557	2
558	3
559	3
560	5
561	5
562	3
563	4
564	2
565	4
566	1
567	1
568	2
569	2
570	4
571	2
572	3
573	0
574	4
575	2
576	2
577	4
578	4
579	4
580	4
581	3
582	4
583	1
584	2
585	3
586	3
587	2
588	3
589	2
590	3
591	1
592	5
593	1
594	3
595	3
596	2
597	9
598	5
599	5
600	6
601	6
602	2
603	1
604	4
605	2
606	2
607	4
608	2
609	2
610	2
611	3
612	3
613	3
614	3
615	2
616	6
617	2
618	4
619	4
620	6
621	4
622	1
623	4
624	2
625	3
626	2
627	1
628	3
629	1
630	1
631	2
632	2
633	1
634	3
635	0
636	1
637	1
638	3
639	2
640	1
641	1
642	1
643	3
644	2
645	2
646	2
647	3
648	0
649	2
650	2
651	2
652	0
653	3
654	0
655	2
656	3
657	1
658	4
659	1
660	3
661	2
662	4
663	2
664	4
665	0
666	6
667	4
668	5
669	2
670	0
671	2
672	1
673	1
674	3
675	4
676	3
677	1
678	1
679	2
680	3
681	2
682	3
683	1
684	4
685	2
686	0
687	0
688	1
689	1
690	1
691	1
692	1
693	3
694	4
695	2
696	1
697	1
698	1
699	1
700	4
701	1
702	0
703	3
704	5
705	1
706	6
707	2
708	2
709	1
710	3
711	2
712	4
713	3
714	1
715	1
716	2
717	1
718	4
719	7
720	2
721	6
722	1
723	2
724	2
725	2
726	2
727	1
728	1
729	2
730	3
731	1
732	2
733	2
734	1
735	2
736	1
737	2
738	5
739	5
740	0
741	2
742	5
743	3
744	1
745	1
746	7
747	3
748	0
749	3
750	4
751	3
752	3
753	0
754	2
755	5
756	1
757	0
758	1
759	2
760	0
761	0
762	1
763	2
764	1
765	4
766	1
767	0
768	1
769	1
770	0
771	4
772	4
773	5
774	4
775	3
776	2
777	3
778	2
779	2
780	0
781	3
782	1
783	3
784	1
785	0
786	4
787	3
788	0
789	1
790	1
791	2
792	0
793	1
794	0
795	1
796	3
797	2
798	1
799	1
800	0
801	1
802	2
803	6
804	1
805	1
806	0
807	3
808	1
809	3
810	1
811	4
812	0
813	2
814	0
815	1
816	1
817	0
818	5
819	1
820	1
821	2
822	1
823	2
824	1
825	2
826	1
827	2
828	0
829	1
830	0
831	0
832	1
833	3
834	2
835	0
836	1
837	1
838	1
839	1
840	1
841	2
842	1
843	3
844	1
845	1
846	0
847	2
848	2
849	2
850	5
851	2
852	1
853	3
854	0
855	4
856	1
857	0
858	4
859	1
860	1
861	0
862	0
863	1
864	4
865	3
866	2
867	1
868	0
869	1
870	3
871	3
872	3
873	1
874	4
875	2
876	2
877	0
878	2
879	0
880	2
881	2
882	0
883	3
884	4
885	2
886	0
887	3
888	1
889	4
890	1
891	3
892	1
893	2
894	3
895	0
896	3
897	2
898	1
899	0
900	2
901	1
902	3
903	3
904	2
905	0
906	2
907	2
908	3
909	0
910	1
911	1
912	1
913	3
914	3
915	3
916	3
917	3
918	1
919	2
920	2
921	1
922	3
923	1
924	1
925	4
926	2
927	1
928	2
929	4
930	2
931	1
932	3
933	0
934	1
935	3
936	1
937	1
938	1
939	4
940	0
941	0
942	2
943	2
944	2
945	1
946	3
947	1
948	3
949	3
950	2
951	4
952	0
953	1
954	2
955	1
956	1
957	2
958	1
959	0
960	2
961	4
962	2
963	2
964	1
965	4
966	1
967	2
968	2
969	1
970	3
971	3
972	0
973	2
974	3
975	4
976	2
977	2
978	1
979	2
980	2
981	3
982	2
983	1
984	2
985	3
986	1
987	2
988	0
989	0
990	1
991	1
992	2
993	3
994	2
995	2
996	0
997	1
998	4
999	1
1000	0
1001	1
1002	0
1003	2
1004	1
1005	1
1006	1
1007	2
1008	0
1009	2
1010	1
1011	1
1012	2
1013	2
1014	2
1015	2
1016	1
1017	2
1018	1
1019	0
1020	2
1021	0
1022	2
1023	2
1024	0
1025	1
1026	1
1027	4
1028	1
1029	1
1030	1
1031	2
1032	1
1033	1
1034	1
1035	4
1036	1
1037	0
1038	1
1039	2
1040	1
1041	1
1042	1
1043	1
1044	3
1045	1
1046	3
1047	1
1048	0
1049	0
1050	0
1051	0
1052	3
1053	1
1054	0
1055	1
1056	1
1057	0
1058	0
1059	0
1060	3
1061	0
1062	4
1063	0
1064	1
1065	3
1066	2
1067	3
1068	1
1069	0
1070	2
1071	1
1072	2
1073	3
1074	0
1075	3
1076	0
1077	1
1078	0
1079	0
1080	1
1081	1
1082	0
1083	0
1084	3
1085	1
1086	3
1087	2
1088	0
1089	0
1090	2
1091	0
1092	1
1093	0
1094	0
1095	0
1096	0
1097	0
1098	1
1099	0
1100	2
1101	0
1102	0
1103	2
1104	0
1105	0
1106	1
1107	0
1108	0
1109	1
1110	2
1111	0
1112	1
1113	0
1114	0
1115	0
1116	1
1117	0
1118	0
1119	2
1120	2
1121	1
1122	0
1123	0
1124	0
1125	2
1126	1
1127	1
1128	1
1129	0
1130	3
1131	0
1132	0
1133	0
1134	5
1135	0
1136	0
1137	0
1138	2
1139	0
1140	0
1141	0
1142	1
1143	3
1144	0
1145	1
1146	2
1147	1
1148	0
1149	0
1150	2
1151	1
1152	2
1153	2
1154	1
1155	0
1156	0
1157	0
1158	0
1159	1
1160	1
1161	0
1162	1
1163	0
1164	1
1165	1
1166	2
1167	0
1168	1
1169	1
1170	0
1171	1
1172	0
1173	2
1174	0
1175	1
1176	2
1177	2
1178	0
1179	3
1180	0
1181	0
1182	3
1183	0
1184	1
1185	2
1186	6
1187	0
1188	0
1189	0
1190	0
1191	0
1192	1
1193	0
1194	4
1195	0
1196	0
1197	1
1198	2
1199	0
1200	2
1201	1
1202	1
1203	1
1204	0
1205	0
1206	0
1207	1
1208	3
1209	1
1210	0
1211	1
1212	1
1213	0
1214	1
1215	1
1216	0
1217	2
1218	1
1219	0
1220	2
1221	0
1222	1
1223	2
1224	0
1225	0
1226	3
1227	0
1228	1
1229	1
1230	2
1231	1
1232	3
1233	0
1234	1
1235	2
1236	0
1237	1
1238	0
1239	3
1240	2
1241	0
1242	0
1243	0
1244	2
1245	1
1246	2
1247	0
1248	2
1249	1
1250	0
1251	1
1252	1
1253	0
1254	0
1255	2
1256	2
1257	1
1258	2
1259	0
1260	1
1261	3
1262	0
1263	1
1264	3
1265	2
1266	1
1267	0
1268	0
1269	1
1270	0
1271	2
1272	1
1273	1
1274	0
1275	0
1276	1
1277	0
1278	1
1279	0
1280	2
1281	2
1282	1
1283	1
1284	1
1285	1
1286	1
1287	4
1288	0
1289	2
1290	1
1291	0
1292	1
1293	0
1294	1
1295	1
1296	1
1297	0
1298	3
1299	2
1300	1
1301	0
1302	0
1303	2
1304	0
1305	0
1306	0
1307	2
1308	1
1309	1
1310	1
1311	1
1312	1
1313	1
1314	1
1315	1
1316	1
1317	0
1318	1
1319	1
1320	2
1321	0
1322	0
1323	0
1324	1
1325	2
1326	1
1327	0
1328	4
1329	1
1330	1
1331	0
1332	0
1333	1
1334	1
1335	0
1336	1
1337	0
1338	1
1339	1
1340	1
1341	1
1342	4
1343	1
1344	0
1345	0
1346	0
1347	1
1348	1
1349	1
1350	1
1351	3
1352	2
1353	1
1354	4
1355	1
1356	2
1357	1
1358	1
1359	0
1360	2
1361	1
1362	2
1363	2
1364	0
1365	2
1366	3
1367	2
1368	1
1369	1
1370	2
1371	2
1372	0
1373	1
1374	1
1375	1
1376	2
1377	0
1378	0
1379	0
1380	0
1381	0
1382	0
1383	0
1384	1
1385	0
1386	1
1387	1
1388	0
1389	0
1390	1
1391	1
1392	2
1393	1
1394	1
1395	0
1396	0
1397	0
1398	1
1399	1
1400	1
1401	2
1402	3
1403	0
1404	0
1405	1
1406	0
1407	0
1408	3
1409	2
1410	1
1411	4
1412	0
1413	1
1414	0
1415	0
1416	3
1417	2
1418	2
1419	0
1420	2
1421	1
1422	2
1423	0
1424	0
1425	2
1426	3
1427	1
1428	6
1429	0
1430	1
1431	1
1432	0
1433	3
1434	5
1435	1
1436	1
1437	2
1438	1
1439	1
1440	1
1441	0
1442	0
1443	1
1444	1
1445	0
1446	0
1447	0
1448	0
1449	1
1450	1
1451	1
1452	1
1453	0
1454	2
1455	2
1456	1
1457	3
1458	1
1459	2
1460	3
1461	4
1462	4
1463	3
1464	13
1465	2
1466	4
1467	0
1468	1
1469	1
1470	0
1471	0
1472	0
1473	0
1474	0
1475	0
1476	0
1477	0
1478	0
1479	0
1480	1
1481	2
1482	0
1483	0
1484	0
1485	0
1486	0
1487	0
1488	0
1489	0
1490	0
1491	0
1492	0
1493	0
1494	0
1495	0
1496	1
1497	0
1498	1
1499	0
1500	0
1501	1
1502	0
1503	0
1504	0
1505	0
1506	1
1507	1
1508	1
1509	0
1510	0
1511	1
1512	1
1513	0
1514	1
1515	0
1516	0
1517	1
1518	1
1519	0
1520	0
1521	0
1522	0
1523	0
1524	0
1525	0
1526	1
1527	0
1528	1
1529	0
1530	0
1531	0
1532	1
1533	0
1534	0
1535	1
1536	0
1537	0
1538	0
1539	0
1540	1
1541	0
1542	0
1543	0
1544	0
1545	1
1546	0
1547	0
1548	0
1549	1
1550	1
1551	1
1552	1
1553	0
1554	0
1555	0
1556	1
1557	0
1558	2
1559	1
1560	0
1561	0
1562	0
1563	0
1564	0
1565	0
1566	0
1567	0
1568	0
1569	0
1570	0
1571	0
1572	0
1573	0
1574	0
1575	1
1576	0
1577	1
1578	1
1579	0
1580	1
1581	0
1582	0
1583	0
1584	0
1585	0
1586	0
1587	0
1588	1
1589	0
1590	0
1591	0
1592	1
1593	0
1594	0
1595	0
1596	1
1597	0
1598	0
1599	1
1600	0
1601	0
1602	0
1603	0
1604	0
1605	0
1606	0
1607	0
1608	0
1609	0
1610	0
1611	0
1612	1
1613	1
1614	0
1615	0
1616	0
1617	0
1618	0
1619	1
1620	0
1621	0
1622	0
1623	0
1624	0
1625	0
1626	0
1627	0
1628	0
1629	0
1630	1
1631	0
1632	0
1633	0
1634	0
1635	0
1636	0
1637	0
1638	0
1639	1
1640	1
1641	0
1642	0
1643	0
1644	0
1645	1
1646	0
1647	0
1648	0
1649	0
1650	1
1651	0
1652	0
1653	1
1654	0
1655	1
1656	0
1657	1
1658	1
1659	0
1660	0
1661	0
1662	0
1663	0
1664	0
1665	0
1666	1
1667	1
1668	0
1669	0
1670	0
1671	0
1672	0
1673	0
1674	1
1675	0
1676	1
1677	0
1678	0
1679	0
1680	2
1681	0
1682	0
1683	0
1684	1
1685	1
1686	0
1687	0
1688	0
1689	0
1690	0
1691	0
1692	1
1693	0
1694	0
1695	1
1696	1
1697	0
1698	0
1699	1
1700	1
1701	0
1702	0
1703	0
1704	1
1705	0
1706	0
1707	1
1708	0
1709	1
1710	0
1711	1
1712	0
1713	0
1714	1
1715	0
1716	0
1717	2
1718	0
1719	0
1720	0
1721	1
1722	0
1723	0
1724	0
1725	0
1726	0
1727	0
1728	0
1729	1
1730	0
1731	1
1732	0
1733	0
1734	1
1735	0
1736	0
1737	0
1738	0
1739	0
1740	0
1741	0
1742	0
1743	2
1744	0
1745	0
1746	0
1747	0
1748	0
1749	0
1750	0
1751	0
1752	0
1753	1
1754	1
1755	0
1756	0
1757	0
1758	0
1759	0
1760	0
1761	1
1762	1
1763	0
1764	0
1765	1
1766	0
1767	0
1768	0
1769	0
1770	0
1771	0
1772	0
1773	0
1774	0
1775	0
1776	0
1777	0
1778	0
1779	0
1780	0
1781	0
1782	1
1783	1
1784	0
1785	0
1786	0
1787	0
1788	0
1789	0
1790	0
1791	0
1792	0
1793	0
1794	0
1795	0
1796	0
1797	0
1798	0
1799	0
1800	1
1801	0
1802	0
1803	1
1804	0
1805	1
1806	0
1807	0
1808	0
1809	0
1810	0
1811	1
1812	0
1813	1
1814	0
1815	0
1816	0
1817	0
1818	0
1819	0
1820	0
1821	0
1822	0
1823	0
1824	0
1825	0
1826	0
1827	0
1828	0
1829	0
1830	0
1831	1
1832	1
1833	0
1834	0
1835	0
1836	0
1837	0
1838	0
1839	0
1840	0
1841	0
1842	0
1843	0
1844	1
1845	0
1846	0
1847	0
1848	0
1849	0
1850	0
1851	0
1852	0
1853	0
1854	0
1855	0
1856	0
1857	0
1858	0
1859	0
1860	0
1861	0
1862	0
1863	1
1864	2
1865	0
1866	0
1867	0
1868	0
1869	0
1870	0
1871	0
1872	0
1873	0
1874	0
1875	0
1876	0
1877	0
1878	1
1879	0
1880	1
1881	2
1882	0
1883	0
1884	0
1885	0
1886	0
1887	1
1888	0
1889	0
1890	1
1891	0
1892	0
1893	0
1894	0
1895	0
1896	0
1897	0
1898	1
1899	1
1900	0
1901	0
1902	0
1903	0
1904	0
1905	0
1906	0
1907	0
1908	1
1909	0
1910	0
1911	0
1912	1
1913	0
1914	0
1915	0
1916	0
1917	0
1918	1
1919	0
1920	0
1921	0
1922	0
1923	0
1924	0
1925	0
1926	0
1927	0
1928	0
1929	0
1930	1
1931	0
1932	0
1933	0
1934	0
1935	0
1936	0
1937	0
1938	0
1939	0
1940	0
1941	0
1942	1
1943	0
1944	0
1945	1
1946	1
1947	0
1948	0
1949	0
1950	0
1951	0
1952	0
1953	0
1954	0
1955	0
1956	0
1957	0
1958	0
1959	0
1960	0
1961	0
1962	2
1963	0
1964	0
1965	0
1966	0
1967	1
1968	1
1969	1
1970	1
1971	0
1972	0
1973	0
1974	0
1975	0
1976	1
1977	1
1978	1
1979	0
1980	0
1981	0
1982	2
1983	0
1984	1
1985	0
1986	0
1987	2
1988	0
1989	1
1990	0
1991	0
1992	0
1993	1
1994	0
1995	0
1996	0
1997	0
1998	0
1999	0
2000	0
2001	2
2002	1
2003	0
2004	1
2005	0
2006	1
2007	1
2008	0
2009	0
2010	0
2011	0
2012	0
2013	0
2014	1
2015	0
2016	0
2017	0
2018	0
2019	0
2020	0
2021	2
2022	0
2023	0
2024	0
2025	0
2026	0
2027	0
2028	0
2029	1
2030	0
2031	0
2032	0
2033	0
2034	0
2035	0
2036	0
2037	0
2038	0
2039	0
2040	0
2041	0
2042	0
2043	0
2044	0
2045	0
2046	0
2047	0
2048	0
2049	1
2050	0
2051	1
2052	0
2053	0
2054	0
2055	0
2056	1
2057	1
2058	2
2059	0
2060	2
2061	0
2062	0
2063	0
2064	0
2065	0
2066	0
2067	0
2068	0
2069	0
2070	0
2071	1
2072	0
2073	0
2074	0
2075	0
2076	0
2077	0
2078	0
2079	0
2080	0
2081	1
2082	0
2083	1
2084	0
2085	2
2086	0
2087	0
2088	0
2089	0
2090	0
2091	0
2092	0
2093	0
2094	0
2095	0
2096	0
2097	1
2098	0
2099	0
2100	1
2101	0
2102	0
2103	1
2104	0
2105	0
2106	0
2107	0
2108	0
2109	0
2110	0
2111	0
2112	0
2113	0
2114	1
2115	0
2116	0
2117	0
2118	0
2119	0
2120	0
2121	0
2122	0
2123	0
2124	0
2125	0
2126	0
2127	0
2128	0
2129	1
2130	0
2131	0
2132	0
2133	0
2134	1
2135	0
2136	1
2137	0
2138	1
2139	0
2140	0
2141	0
2142	0
2143	0
2144	0
2145	0
2146	0
2147	0
2148	0
2149	0
2150	1
2151	0
2152	2
2153	0
2154	0
2155	0
2156	0
2157	0
2158	0
2159	0
2160	0
2161	0
2162	0
2163	0
2164	1
2165	0
2166	0
2167	0
2168	0
2169	0
2170	1
2171	0
2172	0
2173	0
2174	0
2175	0
2176	0
2177	0
2178	0
2179	0
2180	0
2181	0
2182	0
2183	1
2184	0
2185	0
2186	0
2187	1
2188	0
2189	0
2190	0
2191	0
2192	0
2193	0
2194	0
2195	0
2196	0
2197	0
2198	0
2199	0
2200	0
2201	1
2202	1
2203	0
2204	0
2205	0
2206	0
2207	0
2208	0
2209	0
2210	0
2211	0
2212	0
2213	0
2214	0
2215	0
2216	1
2217	0
2218	0
2219	0
2220	0
2221	0
2222	0
2223	1
2224	0
2225	0
2226	0
2227	0
2228	0
2229	0
2230	0
2231	0
2232	0
2233	0
2234	0
2235	0
2236	1
2237	1
2238	0
2239	1
2240	0
2241	0
2242	0
2243	1
2244	0
2245	1
2246	0
2247	0
2248	0
2249	0
2250	0
2251	0
2252	0
2253	0
2254	0
2255	0
2256	0
2257	0
2258	1
2259	0
2260	0
2261	0
2262	0
2263	0
2264	0
2265	0
2266	0
2267	0
2268	1
2269	0
2270	1
2271	1
2272	0
2273	0
2274	0
2275	0
2276	0
2277	0
2278	0
2279	1
2280	0
2281	1
2282	0
2283	0
2284	0
2285	0
2286	0
2287	0
2288	0
2289	0
2290	0
2291	0
2292	0
2293	0
2294	0
2295	2
2296	0
2297	0
2298	0
2299	0
2300	0
2301	1
2302	1
2303	0
2304	0
2305	0
2306	0
2307	0
2308	0
2309	1
2310	0
2311	0
2312	1
2313	0
2314	0
2315	0
2316	0
2317	0
2318	0
2319	1
2320	0
2321	0
2322	0
2323	1
2324	0
2325	0
2326	0
2327	0
2328	0
2329	0
2330	0
2331	0
2332	0
2333	0
2334	0
2335	0
2336	0
2337	0
2338	0
2339	0
2340	1
2341	0
2342	0
2343	1
2344	0
2345	0
2346	0
2347	0
2348	0
2349	0
2350	0
2351	0
2352	0
2353	0
2354	1
2355	0
2356	0
2357	0
2358	0
2359	0
2360	2
2361	0
2362	0
2363	0
2364	0
2365	0
2366	0
2367	0
2368	0
2369	0
2370	0
2371	0
2372	0
2373	0
2374	0
2375	0
2376	0
2377	0
2378	0
2379	0
2380	1
2381	0
2382	0
2383	0
2384	0
2385	1
2386	0
2387	0
2388	0
2389	0
2390	0
2391	0
2392	0
2393	0
2394	0
2395	0
2396	0
2397	0
2398	0
2399	0
2400	1
2401	0
2402	0
2403	0
2404	0
2405	1
2406	0
2407	0
2408	0
2409	0
2410	0
2411	0
2412	0
2413	0
2414	0
2415	0
2416	0
2417	1
2418	1
2419	0
2420	0
2421	0
2422	1
2423	0
2424	0
2425	1
2426	0
2427	0
2428	0
2429	0
2430	0
2431	1
2432	0
2433	0
2434	0
2435	0
2436	0
2437	0
2438	0
2439	0
2440	0
2441	1
2442	1
2443	1
2444	0
2445	0
2446	0
2447	0
2448	0
2449	0
2450	0
2451	0
2452	0
2453	0
2454	0
2455	1
2456	0
2457	0
2458	0
2459	0
2460	0
2461	1
2462	0
2463	0
2464	0
2465	0
2466	0
2467	0
2468	0
2469	0
2470	0
2471	0
2472	1
2473	0
2474	0
2475	0
2476	0
2477	0
2478	0
2479	0
2480	0
2481	0
2482	0
2483	1
2484	0
2485	0
2486	0
2487	1
2488	0
2489	0
2490	0
2491	0
2492	0
2493	0
2494	0
2495	0
2496	0
2497	0
2498	0
2499	0
2500	1
2501	0
2502	0
2503	0
2504	0
2505	1
2506	0
2507	0
2508	1
2509	0
2510	0
2511	0
2512	0
2513	0
2514	0
2515	0
2516	0
2517	0
2518	0
2519	0
2520	0
2521	0
2522	0
2523	0
2524	0
2525	0
2526	0
2527	0
2528	0
2529	0
2530	0
2531	0
2532	0
2533	0
2534	0
2535	0
2536	0
2537	0
2538	0
2539	0
2540	0
2541	0
2542	0
2543	0
2544	0
2545	1
2546	0
2547	0
2548	0
2549	0
2550	0
2551	0
2552	0
2553	1
2554	0
2555	0
2556	1
2557	1
2558	0
2559	0
2560	0
2561	0
2562	0
2563	0
2564	0
2565	0
2566	0
2567	0
2568	0
2569	0
2570	1
2571	0
2572	0
2573	0
2574	0
2575	0
2576	0
2577	0
2578	0
2579	0
2580	0
2581	0
2582	0
2583	0
2584	0
2585	1
2586	0
2587	0
2588	0
2589	0
2590	2
2591	0
2592	0
2593	0
2594	0
2595	0
2596	0
2597	0
2598	0
2599	1
2600	0
2601	0
2602	0
2603	0
2604	2
2605	1
2606	0
2607	0
2608	0
2609	0
2610	0
2611	0
2612	0
2613	0
2614	0
2615	1
2616	0
2617	0
2618	0
2619	0
2620	0
2621	0
2622	0
2623	0
2624	0
2625	0
2626	0
2627	0
2628	1
2629	0
2630	0
2631	0
2632	0
2633	0
2634	0
2635	0
2636	0
2637	0
2638	0
2639	0
2640	0
2641	0
2642	0
2643	0
2644	0
2645	0
2646	0
2647	1
2648	0
2649	0
2650	0
2651	0
2652	1
2653	0
2654	0
2655	0
2656	0
2657	1
2658	0
2659	0
2660	0
2661	0
2662	0
2663	0
2664	0
2665	0
2666	0
2667	0
2668	0
2669	0
2670	0
2671	0
2672	0
2673	0
2674	0
2675	0
2676	0
2677	0
2678	0
2679	0
2680	0
2681	0
2682	1
2683	0
2684	0
2685	0
2686	0
2687	0
2688	0
2689	0
2690	0
2691	0
2692	1
2693	0
2694	0
2695	0
2696	0
2697	0
2698	0
2699	0
2700	0
2701	0
2702	0
2703	0
2704	0
2705	0
2706	0
2707	0
2708	0
2709	0
2710	1
2711	0
2712	0
2713	0
2714	0
2715	0
2716	0
2717	1
2718	0
2719	1
2720	1
2721	0
2722	0
2723	0
2724	0
2725	0
2726	0
2727	0
2728	0
2729	0
2730	0
2731	0
2732	0
2733	0
2734	0
2735	1
2736	0
2737	0
2738	0
2739	0
2740	1
2741	1
2742	0
2743	0
2744	0
2745	0
2746	0
2747	0
2748	0
2749	0
2750	0
2751	0
2752	0
2753	0
2754	0
2755	1
2756	0
2757	0
2758	0
2759	0
2760	0
2761	0
2762	1
2763	0
2764	0
2765	0
2766	0
2767	1
2768	0
2769	0
2770	0
2771	0
2772	0
2773	0
2774	0
2775	0
2776	0
2777	1
2778	0
2779	0
2780	0
2781	0
2782	0
2783	0
2784	0
2785	0
2786	0
2787	0
2788	1
2789	0
2790	0
2791	0
2792	0
2793	0
2794	0
2795	0
2796	0
2797	0
2798	0
2799	0
2800	0
2801	1
2802	0
2803	0
2804	0
2805	0
2806	0
2807	0
2808	0
2809	0
2810	0
2811	0
2812	0
2813	0
2814	0
2815	0
2816	0
2817	0
2818	0
2819	0
2820	0
2821	0
2822	1
2823	0
2824	2
2825	0
2826	0
2827	0
2828	0
2829	0
2830	0
2831	0
2832	1
2833	0
2834	0
2835	0
2836	0
2837	0
2838	0
2839	1
2840	0
2841	0
2842	0
2843	0
2844	0
2845	0
2846	1
2847	1
2848	0
2849	0
2850	0
2851	0
2852	0
2853	0
2854	0
2855	0
2856	1
2857	1
2858	0
2859	0
2860	0
2861	0
2862	0
2863	0
2864	0
2865	0
2866	0
2867	0
2868	0
2869	0
2870	0
2871	1
2872	0
2873	0
2874	0
2875	0
2876	0
2877	0
2878	0
2879	0
2880	0
2881	0
2882	0
2883	0
2884	0
2885	0
2886	0
2887	0
2888	0
2889	2
2890	0
2891	0
2892	0
2893	0
2894	1
2895	0
2896	0
2897	0
2898	1
2899	0
2900	0
2901	0
2902	0
2903	0
2904	0
2905	0
2906	0
2907	0
2908	0
2909	0
2910	0
2911	1
2912	0
2913	0
2914	0
2915	0
2916	0
2917	0
2918	0
2919	0
2920	0
2921	0
2922	0
2923	0
2924	0
2925	1
2926	0
2927	0
2928	0
2929	0
2930	0
2931	0
2932	0
2933	1
2934	1
2935	0
2936	0
2937	0
2938	0
2939	0
2940	0
2941	0
2942	0
2943	0
2944	0
2945	1
2946	0
2947	1
2948	0
2949	0
2950	0
2951	0
2952	0
2953	0
2954	0
2955	0
2956	0
2957	0
2958	0
2959	0
2960	1
2961	0
2962	0
2963	1
2964	0
2965	0
2966	0
2967	0
2968	1
2969	0
2970	0
2971	0
2972	0
2973	0
2974	0
2975	0
2976	0
2977	1
2978	0
2979	0
2980	0
2981	0
2982	0
2983	0
2984	0
2985	0
2986	0
2987	0
2988	1
2989	0
2990	0
2991	0
2992	0
2993	0
2994	0
2995	0
2996	0
2997	0
2998	0
2999	0
3000	0
3001	0
3002	0
3003	0
3004	0
3005	1
3006	0
3007	0
3008	0
3009	0
3010	0
3011	0
3012	0
3013	0
3014	0
3015	1
3016	0
3017	0
3018	0
3019	1
3020	0
3021	0
3022	0
3023	0
3024	0
3025	0
3026	1
3027	0
3028	0
3029	0
3030	0
3031	0
3032	0
3033	0
3034	0
3035	0
3036	0
3037	0
3038	0
3039	0
3040	1
3041	0
3042	0
3043	0
3044	0
3045	0
3046	0
3047	0
3048	0
3049	0
3050	0
3051	2
3052	0
3053	0
3054	0
3055	0
3056	0
3057	0
3058	0
3059	0
3060	0
3061	0
3062	0
3063	0
3064	0
3065	0
3066	1
3067	0
3068	0
3069	0
3070	0
3071	0
3072	0
3073	0
3074	0
3075	0
3076	0
3077	1
3078	0
3079	0
3080	1
3081	0
3082	0
3083	0
3084	0
3085	0
3086	0
3087	0
3088	0
3089	0
3090	0
3091	0
3092	0
3093	0
3094	0
3095	0
3096	0
3097	1
3098	0
3099	0
3100	0
3101	0
3102	0
3103	0
3104	0
3105	0
3106	0
3107	1
3108	0
3109	0
3110	0
3111	0
3112	0
3113	0
3114	0
3115	0
3116	0
3117	0
3118	1
3119	0
3120	0
3121	1
3122	0
3123	0
3124	0
3125	0
3126	0
3127	0
3128	0
3129	0
3130	0
3131	0
3132	0
3133	0
3134	0
3135	0
3136	0
3137	0
3138	0
3139	0
3140	0
3141	0
3142	0
3143	0
3144	0
3145	0
3146	0
3147	0
3148	0
3149	0
3150	0
3151	0
3152	0
3153	0
3154	0
3155	0
3156	0
3157	0
3158	0
3159	0
3160	0
3161	0
3162	0
3163	0
3164	0
3165	0
3166	0
3167	1
3168	0
3169	0
3170	0
3171	1
3172	1
3173	0
3174	0
3175	0
3176	0
3177	0
3178	0
3179	0
3180	0
3181	0
3182	0
3183	0
3184	0
3185	0
3186	0
3187	0
3188	0
3189	0
3190	0
3191	0
3192	0
3193	0
3194	0
3195	0
3196	0
3197	0
3198	0
3199	0
3200	0
3201	0
3202	0
3203	0
3204	0
3205	0
3206	0
3207	0
3208	0
3209	0
3210	0
3211	0
3212	0
3213	0
3214	0
3215	1
3216	0
3217	0
3218	0
3219	0
3220	0
3221	1
3222	0
3223	0
3224	0
3225	0
3226	0
3227	0
3228	0
3229	0
3230	0
3231	0
3232	0
3233	0
3234	0
3235	0
3236	0
3237	0
3238	0
3239	0
3240	1
3241	0
3242	0
3243	0
3244	0
3245	0
3246	0
3247	0
3248	0
3249	0
3250	1
3251	0
3252	0
3253	0
3254	0
3255	0
3256	0
3257	0
3258	0
3259	0
3260	1
3261	0
3262	0
3263	0
3264	0
3265	0
3266	0
3267	0
3268	0
3269	1
3270	0
3271	0
3272	0
3273	0
3274	0
3275	0
3276	1
3277	0
3278	0
3279	0
3280	1
3281	0
3282	0
3283	0
3284	0
3285	0
3286	0
3287	0
3288	0
3289	0
3290	0
3291	1
3292	0
3293	0
3294	0
3295	0
3296	0
3297	0
3298	0
3299	0
3300	0
3301	0
3302	1
3303	0
3304	0
3305	0
3306	0
3307	0
3308	0
3309	0
3310	0
3311	0
3312	1
3313	0
3314	0
3315	0
3316	0
3317	0
3318	0
3319	0
3320	0
3321	1
3322	0
3323	0
3324	0
3325	0
3326	0
3327	0
3328	0
3329	0
3330	0
3331	0
3332	0
3333	0
3334	0
3335	0
3336	0
3337	0
3338	0
3339	0
3340	0
3341	0
3342	0
3343	0
3344	0
3345	0
3346	0
3347	0
3348	0
3349	1
3350	0
3351	0
3352	0
3353	0
3354	0
3355	0
3356	0
3357	0
3358	0
3359	0
3360	0
3361	0
3362	0
3363	0
3364	0
3365	0
3366	0
3367	0
3368	0
3369	0
3370	0
3371	0
3372	0
3373	0
3374	0
3375	0
3376	1
3377	0
3378	0
3379	0
3380	0
3381	0
3382	0
3383	0
3384	0
3385	0
3386	0
3387	0
3388	0
3389	0
3390	0
3391	0
3392	0
3393	1
3394	0
3395	0
3396	0
3397	0
3398	0
3399	0
3400	1
3401	0
3402	0
3403	0
3404	0
3405	0
3406	0
3407	0
3408	0
3409	0
3410	0
3411	0
3412	0
3413	1
3414	0
3415	0
3416	0
3417	0
3418	0
3419	0
3420	0
3421	0
3422	0
3423	0
3424	0
3425	0
3426	0
3427	1
3428	0
3429	0
3430	0
3431	0
3432	0
3433	0
3434	0
3435	0
3436	0
3437	0
3438	0
3439	0
3440	0
3441	0
3442	0
3443	0
3444	0
3445	0
3446	0
3447	0
3448	0
3449	0
3450	1
3451	1
3452	0
3453	0
3454	0
3455	0
3456	0
3457	0
3458	0
3459	0
3460	0
3461	0
3462	0
3463	0
3464	0
3465	0
3466	0
3467	0
3468	0
3469	0
3470	0
3471	0
3472	0
3473	0
3474	0
3475	1
3476	0
3477	0
3478	0
3479	0
3480	0
3481	0
3482	0
3483	0
3484	0
3485	0
3486	0
3487	0
3488	0
3489	0
3490	0
3491	0
3492	0
3493	0
3494	0
3495	0
3496	0
3497	0
3498	1
3499	0
3500	0
3501	0
3502	0
3503	0
3504	0
3505	0
3506	0
3507	0
3508	0
3509	0
3510	0
3511	0
3512	0
3513	0
3514	0
3515	0
3516	1
3517	0
3518	0
3519	0
3520	0
3521	0
3522	0
3523	0
3524	0
3525	0
3526	0
3527	0
3528	1
3529	0
3530	0
3531	0
3532	0
3533	0
3534	0
3535	0
3536	0
3537	0
3538	0
3539	0
3540	0
3541	0
3542	0
3543	1
3544	0
3545	0
3546	0
3547	0
3548	0
3549	0
3550	0
3551	0
3552	0
3553	0
3554	0
3555	0
3556	0
3557	0
3558	0
3559	0
3560	1
3561	0
3562	0
3563	0
3564	1
3565	0
3566	1
3567	0
3568	0
3569	1
3570	0
3571	0
3572	0
3573	0
3574	0
3575	1
3576	0
3577	0
3578	0
3579	0
3580	0
3581	1
3582	0
3583	0
3584	0
3585	0
3586	0
3587	0
3588	0
3589	0
3590	0
3591	0
3592	0
3593	0
3594	0
3595	0
3596	0
3597	1
3598	0
3599	0
3600	0
3601	0
3602	0
3603	0
3604	0
3605	0
3606	0
3607	0
3608	0
3609	0
3610	0
3611	0
3612	0
3613	0
3614	0
3615	0
3616	0
3617	1
3618	3
3619	0
3620	0
3621	0
3622	0
3623	0
3624	0
3625	0
3626	0
3627	0
3628	0
3629	0
3630	1
3631	0
3632	0
3633	0
3634	0
3635	0
3636	0
3637	0
3638	0
3639	0
3640	0
3641	0
3642	0
3643	0
3644	0
3645	0
3646	0
3647	0
3648	0
3649	0
3650	0
3651	0
3652	0
3653	0
3654	0
3655	0
3656	0
3657	0
3658	0
3659	0
3660	0
3661	0
3662	0
3663	0
3664	0
3665	0
3666	0
3667	0
3668	0
3669	0
3670	0
3671	0
3672	0
3673	0
3674	0
3675	0
3676	0
3677	0
3678	0
3679	0
3680	0
3681	0
3682	0
3683	0
3684	1
3685	1
3686	0
3687	0
3688	0
3689	0
3690	0
3691	0
3692	1
3693	0
3694	0
3695	0
3696	0
3697	0
3698	0
3699	0
3700	0
3701	0
3702	0
3703	0
3704	0
3705	1
3706	0
3707	0
3708	0
3709	0
3710	0
3711	0
3712	0
3713	0
3714	0
3715	0
3716	0
3717	0
3718	0
3719	0
3720	0
3721	0
3722	0
3723	0
3724	0
3725	0
3726	1
3727	0
3728	0
3729	0
3730	0
3731	1
3732	0
3733	1
3734	0
3735	0
3736	0
3737	0
3738	0
3739	0
3740	0
3741	0
3742	0
3743	0
3744	0
3745	0
3746	0
3747	1
3748	0
3749	0
3750	0
3751	0
3752	0
3753	0
3754	0
3755	0
3756	0
3757	0
3758	0
3759	0
3760	0
3761	0
3762	0
3763	0
3764	0
3765	0
3766	0
3767	0
3768	0
3769	0
3770	0
3771	0
3772	0
3773	0
3774	0
3775	0
3776	0
3777	0
3778	0
3779	0
3780	0
3781	2
3782	0
3783	0
3784	0
3785	0
3786	1
3787	0
3788	0
3789	0
3790	0
3791	0
3792	0
3793	0
3794	0
3795	0
3796	0
3797	0
3798	0
3799	0
3800	0
3801	0
3802	0
3803	0
3804	0
3805	0
3806	0
3807	0
3808	0
3809	0
3810	0
3811	0
3812	0
3813	0
3814	0
3815	0
3816	0
3817	0
3818	0
3819	0
3820	0
3821	0
3822	0
3823	0
3824	1
3825	1
3826	0
3827	0
3828	0
3829	0
3830	0
3831	0
3832	0
3833	0
3834	0
3835	0
3836	0
3837	0
3838	0
3839	0
3840	0
3841	0
3842	0
3843	0
3844	0
3845	0
3846	0
3847	1
3848	0
3849	0
3850	0
3851	0
3852	0
3853	1
3854	0
3855	0
3856	0
3857	0
3858	1
3859	0
3860	0
3861	0
3862	0
3863	0
3864	0
3865	0
3866	0
3867	0
3868	0
3869	0
3870	0
3871	0
3872	0
3873	1
3874	0
3875	0
3876	0
3877	0
3878	0
3879	0
3880	1
3881	0
3882	0
3883	0
3884	0
3885	1
3886	0
3887	0
3888	0
3889	0
3890	0
3891	0
3892	0
3893	0
3894	0
3895	0
3896	0
3897	0
3898	0
3899	0
3900	0
3901	0
3902	0
3903	0
3904	0
3905	0
3906	0
3907	0
3908	0
3909	0
3910	1
3911	0
3912	0
3913	0
3914	0
3915	0
3916	0
3917	1
3918	0
3919	0
3920	0
3921	1
3922	0
3923	1
3924	0
3925	0
3926	0
3927	0
3928	0
3929	0
3930	0
3931	0
3932	0
3933	0
3934	0
3935	0
3936	0
3937	0
3938	0
3939	0
3940	0
3941	0
3942	0
3943	0
3944	0
3945	0
3946	0
3947	0
3948	0
3949	0
3950	0
3951	0
3952	0
3953	0
3954	0
3955	0
3956	0
3957	0
3958	0
3959	0
3960	0
3961	0
3962	0
3963	0
3964	0
3965	0
3966	0
3967	0
3968	0
3969	0
3970	0
3971	0
3972	0
3973	0
3974	0
3975	0
3976	0
3977	0
3978	0
3979	0
3980	0
3981	0
3982	0
3983	0
3984	0
3985	0
3986	0
3987	0
3988	0
3989	0
3990	1
3991	0
3992	0
3993	0
3994	0
3995	0
3996	0
3997	0
3998	0
3999	0
4000	0
4001	0
4002	0
4003	0
4004	0
4005	0
4006	0
4007	0
4008	0
4009	0
4010	0
4011	0
4012	0
4013	1
4014	0
4015	0
4016	0
4017	0
4018	0
4019	0
4020	0
4021	1
4022	0
4023	0
4024	0
4025	0
4026	0
4027	0
4028	0
4029	0
4030	0
4031	0
4032	0
4033	0
4034	0
4035	1
4036	0
4037	0
4038	0
4039	0
4040	0
4041	0
4042	0
4043	0
4044	0
4045	0
4046	0
4047	0
4048	0
4049	0
4050	0
4051	0
4052	0
4053	0
4054	0
4055	0
4056	0
4057	0
4058	3
4059	0
4060	0
4061	0
4062	1
4063	0
4064	0
4065	0
4066	0
4067	0
4068	1
4069	0
4070	0
4071	0
4072	0
4073	0
4074	0
4075	0
4076	0
4077	0
4078	0
4079	0
4080	2
4081	0
4082	0
4083	0
4084	1
4085	0
4086	0
4087	0
4088	0
4089	0
4090	0
4091	1
4092	0
4093	0
4094	0
4095	0
4096	0
4097	0
4098	0
4099	0
4100	0
4101	0
4102	0
4103	0
4104	0
4105	0
4106	0
4107	0
4108	0
4109	0
4110	0
4111	0
4112	1
4113	4
4114	0
4115	0
4116	0
4117	0
4118	0
4119	0
4120	0
4121	0
4122	0
4123	1
4124	1
4125	0
4126	0
4127	0
4128	0
4129	0
4130	0
4131	0
4132	0
4133	1
4134	0
4135	1
4136	1
4137	0
4138	0
4139	0
4140	0
4141	0
4142	0
4143	0
4144	0
4145	1
4146	0
4147	1
