149	1890.337705918243
1622	134.18865598027128
437	1758.8329519450801
507	1747.4714003944773
70	1971.7624733475477
2463	120.48599269183921
2069	125.97196713388111
283	1865.6289752650177
1926	128.67341640706127
287	1827.8968641114982
513	925.0662768031189
2114	131.52885525070957
1579	126.89233692210259
905	147.0486187845304
1636	133.9700488997555
282	1883.970744680851
130	1919.0579881656804
2052	132.0901559454191
839	147.06197854588797
147	1924.9481697440885
162	1877.0092592592596
80	1985.0253968253974
2324	123.88037865748709
255	1818.0581699346403
2363	135.84849767245026
350	1769.06
882	172.12585034013605
2082	135.4135446685879
176	1868.4723011363635
189	1831.6552028218694
1688	139.34656398104266
2066	127.51694094869313
848	154.24528301886792
237	1816.8675105485231
606	884.3184818481849
679	169.26362297496317
1835	131.03188010899183
325	1799.36
1285	140.66848249027237
2447	126.1597874948917
64	1988.0627264492753
165	1913.8007130124777
212	1802.5532345013476
2573	120.99961134862029
1249	147.5404323458767
579	1691.0604490500864
320	1836.8609375
2736	120.13249269005848
1093	156.96431838975298
1184	129.44679054054055
163	1885.2030674846624
1414	136.32461103253183
91	1942.3838113106403
1010	138.14752475247525
2303	144.4120712114633
670	178.7537313432836
996	148.51807228915663
795	144.62893081761007
198	1836.3481240981243
1323	141.92857142857144
51	1990.6058377896616
502	131.5199203187251
1342	134.00149031296573
87	1963.692086648983
1494	147.80455153949129
718	132.69359331476323
265	1886.0572327044028
1736	136.98214285714286
2556	138.1964006259781
2366	127.09805579036349
1838	125.06528835690969
82	1960.0213414634154
256	1898.41796875
566	1697.7332155477031
200	1701.6420000000003
1426	140.40977092099112
543	1698.8766114180478
1465	140.9085324232082
1652	141.28510895883778
1479	141.30966869506423
1338	151.04185351270553
1368	148.71491228070175
203	1865.2740147783252
1701	137.91181657848324
1488	131.69758064516128
957	154.02612330198536
1585	153.78675078864353
2831	115.92970681737901
1799	132.99499722067816
304	1406.828947368421
67	1942.644117076953
2438	115.6538146021329
431	1773.294663573086
328	1262.1839430894308
2002	138.16033966033967
210	1905.2354497354495
28	2010.0926683448697
3205	119.33822152886115
409	1772.742053789731
1805	133.77673130193907
497	1723.6680080482897
260	1767.0730769230768
213	1793.2622401073106
1939	134.39350180505414
243	1842.7442680776014
1500	147.006
1267	146.69060773480663
20	1945.8654838709679
548	139.2463503649635
414	1760.842995169082
537	150.13966480446928
98	1947.1161321671527
271	1597.3364083640836
2148	134.76303538175046
278	1887.8489208633093
1882	140.28002125398513
353	695.8961284230405
102	1965.1731229076997
1660	134.78072289156626
1756	144.45728929384967
439	118.52847380410023
40	2007.1891304347832
251	1882.3207171314743
1578	126.53358681875793
717	157.29846582984658
1621	144.6127904585647
246	1877.7235772357722
447	1737.6532438478748
1346	134.2005943536404
74	1951.0810810810808
1840	126.93097826086958
374	1811.5467914438502
509	141.42239685658154
171	1880.1854636591481
1704	125.36384976525821
1647	139.72191863995144
343	1826.8862973760934
1946	135.81757451181912
1550	130.29612903225805
1974	123.94123606889565
158	1938.0439873417715
81	1973.4011135318324
247	1873.2753036437248
1337	144.8885564697083
220	1645.0323863636363
204	1894.1824618736382
1917	139.85915492957747
1616	140.1875
133	1985.3778195488724
5	1876.504964539009
954	167.32285115303984
1459	138.04180945853324
182	1885.9251901944206
206	1843.3023578363384
2974	120.13584398117014
234	1874.1403133903134
885	161.5079096045198
600	1650.49
218	1854.868501529052
272	1875.3713235294117
245	1835.8122448979593
79	2011.6748643761305
754	162.19628647214853
731	149.92749658002737
60	1993.2271111111113
48	1963.8200954861113
152	1886.3675438596488
221	1873.9004524886877
2504	125.24920127795528
769	158.7178153446034
2518	126.1306592533757
267	1250.2178526841449
614	1629.4250814332247
187	1838.5721925133691
826	158.04600484261502
2250	123.38844444444445
1638	133.8858363858364
1738	132.62456846950516
1150	123.10608695652174
55	1948.5560044893373
1947	127.32973805855161
1989	137.65258924082454
1919	134.70713913496613
4364	111.73762603116407
505	130.50990099009903
174	1868.5913154533841
111	1984.3203203203204
167	1868.9050470487596
494	1719.1902834008097
1449	142.32229123533472
1632	143.1078431372549
2621	122.40747806180848
2739	117.32566630156992
299	1809.1627647714604
242	1828.7545454545457
2262	132.69849690539345
554	1713.821299638989
190	1901.6384615384616
990	148.44848484848484
209	1893.7563489142437
37	1982.4987088999826
347	1827.1412103746397
1104	158.4701086956522
27	1963.5041152263377
426	1231.0970266040688
1750	151.3162857142857
2293	132.2311382468382
305	1883.122950819672
1713	144.67192060712202
2579	113.44164404808065
1878	139.58839190628328
1490	147.64899328859062
1574	121.18869123252858
268	1863.810945273632
1282	147.9204368174727
1972	146.05476673427992
226	1874.7758112094398
316	1824.48417721519
2534	126.3011049723757
4	1833.1599137931034
1714	134.50991831971996
164	1900.1293554006968
1773	132.39593908629442
261	1823.4482758620688
1311	145.9633867276888
1725	124.73333333333333
175	1888.8190476190478
1811	134.26283821093318
239	1804.058577405858
367	1802.7029972752043
2460	125.32113821138212
2311	144.25356988316747
1079	156.76181649675627
289	1877.2202998846597
244	1851.7274590163934
168	1903.381578947368
2666	122.05326331582896
2288	132.4376456876457
1772	144.941309255079
2299	132.24227925184863
30	1976.7287090558782
11	1997.8774422735341
3884	107.7700823892894
2854	116.25718290119131
1597	139.1934877896055
1432	151.87988826815644
2574	125.41802641802641
1428	131.2107843137255
9	1919.2948221853687
334	1794.1586826347304
419	155.72792362768496
2201	129.3961835529305
324	1832.3966049382716
884	171.86255656108597
2693	118.80579279613814
146	1899.8186301369863
153	1908.150689905592
1320	142.20719696969695
1593	127.86126804770872
1395	139.86021505376345
121	1910.596781209221
984	148.96443089430895
307	1824.654257794323
117	1907.674379820721
274	1838.4922445255472
72	1934.037238325282
1665	140.02282282282283
2236	144.46243291592128
292	1869.359589041096
184	1863.227536231884
262	1863.735005452563
1641	135.76416819012798
500	1760.112
2318	123.07506471095772
1280	137.05755208333332
800	152.460625
2179	137.46902248737953
1801	134.1682398667407
1018	147.5343811394892
1169	128.972626176219
2186	119.70860018298262
3880	107.6541237113402
1048	149.03864503816794
1871	144.17370390165686
605	1647.3719008264463
1007	137.81132075471697
1790	142.67541899441343
50	2005.9305747126439
276	1863.7512077294687
1398	140.88054363376253
610	127.34098360655737
75	1989.8678787878791
2358	131.66624257845632
313	1804.7460063897765
1595	134.9385579937304
35	1998.6396536796524
561	940.4884135472371
2474	116.22675828617623
629	168.71224165341812
17	1968.8983640793608
119	1955.0915366146453
105	1976.820105820106
183	1875.10883424408
329	1852.3191489361702
2390	128.46108786610878
34	1958.7850678733037
1587	141.52110901071202
672	158.5327380952381
1295	154.53436293436295
2275	133.0756043956044
1809	134.1951354339414
124	1898.596774193548
1547	129.94117647058823
1841	111.44269418794134
15	1983.7644444444436
310	1862.078494623656
1612	128.8182382133995
41	1971.8519828709734
24	1997.1316993464047
29	2014.2966849908378
2888	116.65997229916897
201	1947.78855721393
186	1887.3420181968572
922	152.0054229934924
14	1989.0317817014434
300	1796.5016666666666
611	1647.770867430442
997	147.13941825476428
840	130.4952380952381
38	1982.9150979638875
144	1910.1436965811965
301	1838.8355481727574
2883	116.79049601109955
436	1722.7545871559632
2265	144.81545253863135
382	1808.5130890052355
1962	121.493374108053
1502	144.02396804260985
870	168.4264367816092
1787	128.13542249580303
1173	146.27280477408354
1963	128.3489556800815
415	1737.7518072289156
2389	128.35119296776895
1047	146.44126074498567
368	1849.8016304347825
1466	125.05866302864939
418	1807.531100478469
363	1771.6997245179064
230	1881.8732919254658
811	137.22071516646116
2104	131.72861216730038
2	1759.634588563459
440	1748.6022727272727
281	1879.2941874258602
1828	133.75601750547045
4357	111.67695662152857
128	1938.7126953125
253	1891.205533596838
484	670.6549586776858
73	1913.9994520547946
225	1813.0192592592593
1429	131.36039188243527
46	1981.2073578595318
1192	142.3976510067114
2308	139.68139803581744
1028	147.87937743190662
49	2039.4627238650564
197	1849.2988578680201
464	1199.5366379310346
58	1986.4696223316919
594	1664.8350168350166
2435	126.87186858316221
477	1737.3721174004193
2034	133.2330383480826
36	1977.1770833333326
2241	139.24721106648818
321	1821.9112149532712
22	2017.2764866712234
290	1788.1091954022988
1228	159.2402280130293
288	1880.7135416666665
820	138.0329268292683
1380	148.7123188405797
479	1216.41127348643
1357	143.88209285187915
2300	144.01782608695652
285	1833.1087719298246
2298	144.65535248041775
2500	122.9516
1825	136.7290410958904
675	178.81925925925927
401	1808.5386533665835
311	1786.7282958199357
2271	130.96609423161604
1281	147.94652615144417
1226	153.55301794453507
1748	135.9078947368421
179	1884.4842693325488
69	1907.2102637205985
275	1770.4527272727273
1242	143.89049919484702
341	1850.7096774193549
2145	134.85967365967366
106	1965.1314016172505
1861	134.0902740462117
1513	128.9352280237938
1312	156.01143292682926
364	1867.348901098901
551	130.14519056261344
54	1937.134700176367
370	1835.8972972972972
1444	151.2790858725762
1605	136.83208722741432
531	929.8681732580037
1175	129.29021276595745
1798	129.40127919911012
330	1810.6939393939394
303	1910.0726072607263
2327	124.12720240653202
1376	141.4044331395349
114	1928.4274047186934
2511	120.04221425726801
1600	127.790625
1365	154.6095238095238
399	1798.0050125313282
1826	140.88170865279298
57	2014.7921888053465
193	1679.2247409326424
1717	130.5381479324403
122	1906.926912568306
463	138.87688984881208
1715	141.79854227405247
71	1996.3775379550023
8	1895.143016344725
95	1971.387134502924
131	1944.1948382406397
787	145.83608640406607
1304	145.36733128834356
444	1756.9076576576576
118	1937.5353594389248
690	173.73333333333332
1980	130.62979797979798
132	1930.6484848484854
1924	139.497920997921
345	1777.2514492753623
433	1760.284064665127
109	1980.0349329569513
160	1892.8163461538463
686	175.69241982507288
947	157.95406546990495
120	1954.378861788617
2604	119.7457757296467
295	1847.176647834275
814	143.54422604422604
96	1983.600625
2040	132.85588235294117
1816	141.43171806167402
2056	132.12183852140078
232	1575.7363505747126
315	1835.2539682539682
2376	135.73863636363637
1885	128.24403183023873
86	1942.8862830114306
607	1653.988467874794
2224	121.15692446043165
766	158.8172323759791
94	1894.7274231678489
948	154.14662447257385
1723	138.9228090539756
4355	111.8321469575201
19	2000.8925647451945
501	132.27744510978044
125	1920.2976000000006
2080	134.54567307692307
42	1969.6949152542372
560	1688.5107142857144
1403	142.11012116892374
1820	127.81208791208792
31	1984.5623467270327
2101	131.571156592099
192	1879.2129629629626
929	165.03875134553283
2297	138.75620374401393
219	1828.3658041603246
349	1827.1683381088826
1709	144.51141018139262
459	1787.4444444444443
1274	125.9348508634223
621	1630.745571658615
773	119.01034928848641
333	986.6696696696697
3220	119.28509316770186
1722	139.0493612078978
47	2027.0351264552385
13	1980.0963529224377
1945	134.48380462724936
618	175.01294498381878
1619	133.79864113650402
308	1814.9074675324675
1378	147.31059506531204
1294	145.17851622874807
1959	129.29198570699336
454	1725.660792951542
145	1866.9820689655176
337	1772.1483679525222
574	1697.445993031359
1996	128.25450901803606
12	1980.8846153846166
159	1913.6397124887687
923	165.1798483206934
375	1809.5351111111113
170	1921.59723183391
2367	121.23362906632869
434	153.23271889400922
2100	124.46380952380953
1852	136.2111231101512
1386	141.6381673881674
340	1832.894117647059
443	1798.060948081264
562	193.08540925266905
2087	135.09966459032103
2879	118.92288989232372
101	1941.4591584158418
379	1809.6543535620053
97	1921.9905743740799
141	1900.8125295508275
3502	105.00485436893204
1730	138.78554913294798
2757	121.17265143271672
6	1837.4626044039487
555	1685.4882882882882
427	1698.2669789227166
1855	122.8010781671159
84	1943.3585434173672
2369	135.704516673702
1534	133.235332464146
2051	134.07979847228992
829	158
252	1906.688492063492
284	1807.2640845070423
377	1796.730769230769
63	1961.6319444444441
3888	107.77006172839506
1110	156.02702702702703
194	1901.9168814432987
362	1791.1740331491712
356	1821.6137640449438
235	1862.3021276595746
1696	146.37794811320754
89	1956.2404026217228
258	1869.96511627907
270	1447.4574074074073
1148	148.28658536585365
249	1782.777108433735
798	155.1578947368421
1646	134.5291616038882
2053	133.5892596200682
1455	143.95670103092783
202	1865.223479490806
385	1833.4155844155844
485	134.97113402061856
907	160.78390297684675
503	131.5506958250497
269	1300.4002478314746
3243	113.89762565525747
1724	125.85730858468678
1764	124.09750566893425
1225	159.35918367346937
636	172.08018867924528
136	1883.0321078431375
1313	155.97562833206396
617	1626.546191247974
199	1862.367552045944
770	158.65324675324675
16	1934.376670378619
1644	136.33576642335765
250	1872.9879999999998
142	1866.9577464788733
1583	137.9955780164245
188	1966.0059840425533
2547	122.80879466038476
1806	137.31949058693246
527	1725.7362428842505
1623	146.4966112138016
950	154.32526315789474
238	1875.7941176470588
876	137.94406392694063
1746	124.12657502863688
166	1889.0268767377202
1220	141.38360655737705
927	158.79503775620282
215	1845.8228329809726
99	1930.040885040885
1819	148.82023089609675
644	163.1273291925466
1671	144.19449431478156
59	1974.499102691924
233	1858.4055793991417
423	1798.676122931442
135	1927.9783068783065
2304	144.39236111111111
326	1918.5521472392638
354	1843.9392655367233
66	1955.3133870349059
10	1947.592294520547
346	1763.533718689788
2339	120.31509191962377
18	2027.633655394527
44	2005.9632199861203
476	1745.7951680672268
178	1831.5077787381156
1541	142.28228423101882
1060	147.1877358490566
115	1843.325164690382
1025	147.6819512195122
408	122.87009803921569
1440	136.56180555555557
222	1899.5388513513512
384	1761.3541666666667
2624	119.77057926829268
322	1834.9968944099378
1284	125.69548286604362
1303	146.48273215656178
33	1964.9074675324684
693	131.94949494949495
2230	131.10426008968608
1868	138.1450749464668
92	1961.267332549942
2637	121.57868790291998
875	162.184
207	1942.4306418219462
127	1827.8821813939926
266	1842.9330827067668
2572	125.50194401244168
21	1989.2252160650737
77	1928.414502164502
558	1707.4955197132617
2814	111.48400852878464
1921	129.28058302967204
1744	142.34690366972475
2242	122.96297948260482
1912	139.168410041841
1335	135.9378277153558
140	1912.1745341614903
1151	147.6020851433536
1374	148.55967976710335
1830	133.75573770491803
468	135.23076923076923
195	1876.4146520146526
973	150.33504624871532
1842	128.814332247557
332	1823.6310240963855
185	1888.3587837837838
1890	134.0100529100529
259	1844.4803088803092
883	171.9841449603624
61	1981.630069025022
286	1852.409090909091
1319	148.17361637604245
116	1930.8120689655175
403	1805.7692307692307
1710	141.75380116959064
1478	154.10554803788904
461	1750.7288503253797
126	1961.272727272727
228	1870.797697368421
2629	114.61696462533283
1879	130.52315061202768
1902	137.6876971608833
1470	125.05102040816327
1854	135.84789644012946
264	1908.3920454545455
1247	124.42902967121091
336	1891.6666666666667
1167	143.29305912596402
2320	124.11465517241379
1134	141.22310405643736
2251	131.91959129275878
318	1817.754716981132
88	1926.6775898520082
2569	120.9525107045543
248	1927.0873655913977
205	1855.5463414634148
208	1920.3345352564102
2635	122.44364326375711
181	1919.0972375690606
293	1846.1006825938566
45	1976.134760448521
538	1703.996282527881
623	1621.2102728731943
483	151.6583850931677
1501	142.07328447701533
1608	139.13370646766168
851	128.2632197414806
458	148.40393013100436
65	1971.7188811188807
43	1989.4573643410854
1442	138.79264909847433
291	1874.7915234822456
430	1741.667441860465
570	1688.2473684210527
263	1849.3412547528517
216	1866.8657407407409
1127	143.3460514640639
103	1943.44765153503
156	1921.3161268556007
498	959.0582329317269
104	1922.7343406593402
1708	132.0922131147541
1827	133.17816091954023
504	1732.172619047619
1735	132.2799711815562
1489	147.82941571524512
667	172.10344827586206
138	1922.3809921962095
1089	155.45821854912765
137	1923.2499131039276
807	155.34758364312268
1140	146.2061403508772
123	1898.6192411924121
1845	135.99485094850948
2238	144.33713136729222
834	147.41966426858514
1711	145.12273524254823
302	1772.8145695364237
1054	150.33586337760912
2302	144.42137271937446
1533	146.529028049576
154	1871.0414585414585
1848	138.68019480519482
1100	145.22272727272727
2391	128.3529903805939
76	1956.1062450903378
608	1644.5592105263158
180	1783.705158730159
155	1914.2375000000002
2620	114.92977099236641
1934	128.26680455015511
2131	125.59784138901924
2287	122.32181897682554
217	1856.6935483870966
2348	134.7487223168654
592	1653.4949324324325
615	1636.4162601626017
478	161.26987447698744
1575	132.72190476190477
277	1850.5685920577616
280	1804.2937499999998
1381	148.8758146270818
236	1853.2991525423727
306	1826.8572984749455
25	1951.0983636363642
4346	111.63782788771285
53	1963.8178591444052
386	1798.9481865284974
2484	126.3184380032206
211	1836.8682464454978
39	1987.4592422502874
1789	143.26718837339297
1960	126.63775510204081
895	147.4994413407821
2099	143.06098141972367
229	1893.4366812227072
150	1860.655
227	1854.1145374449338
2234	144.48030438675022
90	1957.6014403292181
1834	125.3252453653217
1098	152.28597449908926
613	183.9200652528548
196	1917.5272108843537
486	1752.5308641975307
1965	121.45445292620865
257	1835.4539559014268
380	1806.1
214	1925.0077881619936
52	1973.8028846153848
512	137.013671875
1932	124.73706004140787
1602	136.23720349563047
173	1886.3387283236993
1182	128.99238578680203
342	1842.654970760234
1261	148.93259318001586
830	133.20963855421687
470	1795.1702127659576
520	1720.4115384615384
1430	154.8230769230769
474	1747.457805907173
143	1876.1911421911416
224	1835.0321428571428
359	1843.4623955431755
223	1842.9713004484304
2120	123.53396226415094
886	153.49887133182844
297	1812.1262626262626
1498	141.6875834445928
177	1682.6233521657252
937	164.8495197438634
298	1663.8255033557048
2656	124.39231927710843
1356	128.09734513274336
113	1934.0319945541185
914	162.83807439824946
1	1658.3160237388724
4362	111.89500229252637
371	1818.3045822102426
852	149.00234741784038
1941	127.68830499742401
1788	145.7726510067114
1297	146.66846569005398
1339	135.07356235997014
2973	120.27077026572486
988	139.09514170040484
26	1971.165516107824
2233	144.12583967756382
1271	128.93548387096774
129	1903.8488372093022
112	1940.8083333333334
1409	143.4428672817601
1321	138.30582891748676
1771	137.84415584415584
2351	119.91237771161208
1687	143.9045643153527
161	1905.501242236025
62	1975.5173149905124
1425	149.01122807017543
85	1940.507880133185
2106	124.69325735992403
2628	121.85768645357686
314	1796.447983014862
932	161.7011802575107
1482	147.3191632928475
1779	144.28892636312537
1988	124.98591549295774
389	1795.516709511568
107	1912.6361169731683
2590	120.21698841698841
2549	126.09140839544919
1719	129.8237347294939
3	1851.0307878787883
108	1926.0088566827692
420	1820.1690476190477
148	1934.3851351351348
378	1817.1349206349207
296	1856.6632882882884
110	1905.5020202020203
1869	132.34349919743178
4359	111.74214269327827
1469	124.85296119809394
2728	119.47434017595307
1049	151.29456625357483
1997	115.43014521782673
480	951.1541666666666
1095	134.77899543378996
7	1870.4742783123625
327	1771.521406727829
2662	122.46882043576258
1254	149.57894736842104
1694	132.4634002361275
2401	128.02915451895043
532	1728.6973684210527
241	1879.7659751037343
515	135.54368932038835
1424	145.31858614232212
863	142.88760139049828
1554	141.64736164736163
1481	133.92640108035113
240	1848.4011904761903
2054	132.2891918208374
231	1859.196660482375
1090	156.72201834862386
134	1909.2597725657429
56	1968.8750000000007
139	1896.5814826399746
1091	154.7396883593034
1070	161.08317757009345
893	147.508398656215
151	1949.5646308560215
465	1735.847311827957
1464	140.90027322404373
518	1722.3166023166023
365	1804.4315068493152
1793	143.25655326268824
406	1699.9261083743843
360	1764.6638888888888
32	1975.9044780927834
157	1944.2144373673036
2552	122.78996865203762
172	1884.795058139535
78	1918.6300661703883
2083	125.8473355736918
351	1794.991452991453
1977	121.71825998988366
169	1892.5903711672938
958	154.74947807933194
397	1841.1889168765742
93	1943.1448321263988
279	1374.1102150537636
633	150.8862559241706
1189	142.42640874684608
1241	149.93795326349718
1461	143.10038786219482
273	1844.8595848595849
83	1934.5664923846327
2439	117.8870438704387
331	1838.9478851963747
451	1721.9645232815965
1815	133.58677685950414
1269	149.1371158392435
23	1980.9389274234481
381	1829.3569553805773
294	1834.5231292517005
1364	130.53299120234604
358	1411.7814245810055
603	1650.9900497512438
1741	144.027570361861
526	1743.8250950570343
191	1909.1655759162304
986	153.02028397565923
339	1857.7128810226156
1485	140.81414141414143
357	1837.9565826330531
68	1939.6684873949587
100	1961.415294117646
752	162.22340425531914
2038	132.9126594700687
2307	144.2752492414391
1278	146.34663536776213
