1393	821.3395549174444
196	1829.165306122449
353	1800.5779036827196
1937	676.6306143520908
1723	717.2002321532211
2139	628.9971949509116
136	1928.7352941176473
51	2160.827450980392
211	2004.7061611374406
1162	903.369191049914
948	1280.289029535865
1521	779.5871137409599
2371	559.1640657950232
1545	855.4252427184466
2097	641.1745350500715
2208	594.0715579710145
1241	875.4327155519742
812	1272.6178160919542
202	1911.040704070407
1328	910.7247740963855
724	1452.9882596685084
416	1729.2235576923076
1242	1037.2149758454107
1730	715.5815028901734
2171	602.6646706586827
768	1424.150390625
114	1900.9155701754385
177	1529.5593220338983
1854	681.3932038834952
127	1657.1233595800525
200	2032.2925
2322	569.681955211025
140	1896.7940476190477
147	1850.5888133030992
870	1017.0126436781609
1086	1005.0371393492941
1218	881.7257799671593
289	1715.6712802768168
2131	631.1234162365087
869	1262.0589758342924
491	1190.429735234216
1855	694.348427672956
229	1982.6500311915158
469	1514.4193319118692
1225	1049.0097959183674
565	1520.2748419721868
1310	847.8083969465649
452	1691.0309734513276
75	2025.4914285714287
2277	579.0715854194116
1163	964.2960733734594
1802	696.6914539400666
678	1488.0383480825958
1682	730.3894173602854
1133	1013.1941747572815
544	1601.1801470588234
787	1166.2198221092756
385	1767.5506493506493
380	1270.371052631579
464	1672.2693965517242
22	2356.0734265734263
910	1274.29478021978
722	1400.4139295607438
605	1338.9929752066114
1065	1175.7596244131455
312	1861.7633547008547
860	1239.9058139534884
955	1274.1769633507854
741	1440.5919928025194
1211	879.4459124690338
779	1054.3889602053916
701	1279.81455064194
1646	740.3547995139733
1182	987.5909475465313
1337	838.771129394166
1130	983.1206489675516
1526	776.2970729576235
2584	517.3146284829721
887	1169.1454340473506
1154	1102.1516464471404
810	1390.6246913580246
169	1557.1502958579883
1057	1055.8864711447493
1045	941.6794258373205
2037	634.4771723122238
920	1306.088043478261
878	1339.2944191343963
1520	777.8756578947368
614	1538.2622149837134
635	1321.7850393700787
695	1411.6964028776977
987	1104.194022289767
543	1590.7219152854511
2197	594.7109695038689
148	2006.7820945945948
521	1619.9376199616122
585	1456.4444444444443
1318	843.1858877086495
329	1648.156028368794
2463	547.5095412099066
1008	1093.314236111111
2483	536.7511075312123
692	1480.2543352601156
100	2029.7708333333333
1108	1030.620938628159
761	1427.0295663600525
968	1261.691632231405
473	1670.3974630021141
1382	820.9758803666185
872	1347.3188073394494
285	1545.9508771929825
447	1688.0223713646533
82	1962.1463414634147
1416	850.0637947269303
1913	700.4066910611605
292	1756.1926369863013
1351	964.4011843079201
536	1166.1902985074628
708	1465.9887005649719
1822	690.1564215148189
1396	816.5924068767908
884	1335.8235294117646
2568	521.2102803738318
959	1197.9614181439
989	1103.1263902932255
1044	1194.7595785440612
647	1513.8315301391035
392	1747.3622448979593
1274	858.4505494505495
626	1524.6038338658147
1096	999.4689781021898
1637	742.3060476481369
668	1495.617764471058
1006	1095.37027833002
1871	676.121325494388
125	1910.9210000000003
101	2023.7425742574255
2159	605.6405743399722
627	1532.4417862838916
1143	902.2817147856518
153	1729.4272875816994
656	1505.299923780488
738	1380.0883017163505
1131	910.4314765694076
370	1528.5162162162162
1105	997.0449472096531
998	1095.9103206412826
77	1966.5181818181816
683	1094.5636896046851
84	2062.420995670996
1600	827.78
2024	663.578557312253
320	1849.7593749999999
1878	676.0894568690096
83	2218.224397590361
685	1247.9287591240875
1796	743.4916481069042
1255	867.2709163346614
1629	744.6359729895642
1342	970.408345752608
108	1953.2805555555556
212	1552.7250673854446
966	1148.8111801242235
42	2161.761904761905
91	1958.6903096903095
666	1496.1576576576576
936	1291.0924145299145
953	1203.1225078698847
1490	787.1043624161074
390	1753.7064102564104
806	1154.1902398676593
1624	745.426724137931
35	2262.5051428571433
524	1388.3711832061067
21	2356.4438095238097
184	1652.914402173913
88	2112.7424242424245
1991	646.6248116524359
2168	603.6240774907749
172	1913.6220930232557
1139	1115.3669885864795
760	1429.9947368421053
770	1231.9499999999998
867	1348.0196078431372
2715	494.37605893186003
969	1086.54778121775
990	1172.8712121212122
468	1208.5555555555557
238	1803.544817927171
758	1307.7999120492525
1865	677.94745308311
167	2093.2185628742513
1059	941.5722379603399
1189	1075.247266610597
1463	797.1136933242196
375	1758.04
648	1513.9475308641975
957	1200.2547021943574
449	1453.8374164810689
27	2276.2763532763533
950	1159.5698947368421
1181	986.6481795088907
808	1392.3335396039604
963	1194.0150571131878
1054	1003.454696394687
1135	1015.6387665198238
1410	852.5978723404255
1767	706.7425014148274
832	1290.5594951923076
1654	760.0326481257557
2071	627.0043457267021
2074	648.1171648987464
1894	707.1177402323126
778	1324.2278277634962
1009	1087.0215559960357
1257	944.8579952267303
592	1348.5675675675675
44	2183.6903409090905
150	1876.9099999999999
554	1303.6714801444043
290	1891.4724137931034
833	1373.656662665066
2148	609.4136405959032
240	1841.6447916666666
579	1139.9533678756477
651	1506.615975422427
1167	900.8560411311054
3050	441.84918032786885
859	1354.6612339930152
562	1576.9074733096086
643	1315.6912908242612
1058	1063.0737240075614
801	1396.2908863920102
802	1278.4118869492934
1137	1012.0809146877749
246	1691.5731707317073
288	1365.5104166666667
1809	738.6412382531786
723	1459.2766251728908
505	1632.6643564356436
1653	736.2075015124017
2504	538.6417731629393
1445	855.5813148788927
615	1541.629268292683
151	1840.989698307579
1509	782.5805168986084
843	1247.3309608540926
731	1446.8878248974008
1126	910.8416222616933
458	1438.5229257641922
1911	667.0251177394034
2538	526.6012608353034
697	1472.6370157819224
116	1896.344827586207
575	1574.448695652174
1097	922.1103008204193
1262	863.9619651347068
133	2075.798245614035
1275	1013.8254901960784
1434	786.0146443514644
702	1275.6396011396012
1899	669.9763033175356
309	1855.8300970873788
142	1925.4054325955733
118	2010.8338983050849
1301	995.7271329746349
407	1738.3297297297297
472	1436.352754237288
601	1551.075707154742
903	1318.9728682170544
813	1152.778187781878
1002	1232.4545908183632
2239	587.9615899955337
69	2126.196859903382
1554	809.0376447876448
659	1505.5515933232168
665	1298
995	1170.0311557788946
687	1482.2489082969432
649	1507.393682588598
183	1526.7732240437158
2261	583.2321981424149
525	1614.1790476190477
1168	899.4743150684931
603	1271.4267551133223
945	1283.2429629629628
547	1589.0036563071299
226	1998.8274336283187
1024	1212.4576822916667
265	1593.545754716981
1519	867.9710335747202
1785	701.436974789916
359	1799.1987000928505
409	1733.246454767726
1508	783.0769230769231
109	1918.485626911315
372	1533.125
417	1725.146282973621
54	2255.2264957264956
1214	886.2376441515651
179	1682.023942537909
1060	1098.9122641509434
422	1610.885308056872
71	2114.5412474849095
398	1735.9246231155778
978	1083.7147239263802
225	1453.0422222222223
256	1736.4765625
34	2190.6635294117646
1037	1201.7473481195757
443	1693.36230248307
715	1230.3429370629372
550	1599.8418181818183
1724	718.0388631090487
120	1824.4952380952382
1444	802.7254155124654
657	1499.2922374429224
490	1652.5530612244897
437	1705.974828375286
740	1292.5875675675675
171	1825.6929824561403
629	1527.1160572337044
677	1489.4496729267778
280	1902.1803571428572
526	1603.1996197718631
596	1559.5184563758387
639	1115.3505477308295
742	1318.01841868823
1016	1217.9714566929133
98	1887.2653061224485
2207	594.8649750792931
331	1563.7552870090635
1273	861.2769049489395
1315	844.9882129277566
168	1862.9302721088438
343	1651.3129251700682
1346	967.25705794948
2022	651.511622156281
366	1681.8579234972676
1001	1229.2617382617382
2634	508.6514806378132
321	1844.2367601246106
2224	591.4168165467626
1367	825.5468178493051
1908	668.8417190775681
2010	641.4114427860696
1084	927.4345018450184
674	1387.367952522255
804	1397.032960199005
751	1249.7370173102531
1460	796.3397260273972
1395	819.0566308243727
545	1307.005504587156
748	1440.2205882352941
192	2029.3506944444443
1417	812.3189837685251
420	1401.2507936507936
1291	853.3594113090627
921	1241.5596091205211
1159	1001.062985332183
1316	987.1800911854103
1590	755.6254716981132
197	1769.3489847715737
1694	725.5017709563164
513	1480.429499675114
218	2008.7605504587154
1993	644.8198695434019
358	1668.729748603352
581	1565.8915662650602
999	1100.1751751751751
2367	560.666244190959
337	1815.3016815034619
128	1960.4733072916667
2061	629.7326540514314
2078	646.8522617901829
630	1533.588888888889
694	1347.539385206532
1431	808.7421383647799
1474	794.5108548168249
330	1835.0772727272727
1553	768.3435286542176
161	1813.690131124914
901	1004.1065482796893
2124	614.0051789077213
141	1968.7695035460993
862	1180.8462877030163
886	1330.5519187358916
1631	743.9570815450644
324	1713.5385802469136
1323	982.0801209372639
745	1068.8375838926174
590	1556.8610169491526
1735	742.2334293948127
67	2097.4358208955223
1688	729.0870853080569
227	1811.4537444933922
1358	959.5368188512518
1449	798.0386473429952
721	1457.3460471567269
967	1214.568252326784
1025	1075.2341463414634
2444	544.7258592471359
737	1441.2279511533243
373	1773.853887399464
672	1493.4631696428573
1664	736.0673076923077
1349	965.5670867309118
1415	811.7528268551237
322	1765.6499556344277
1236	957.7588996763754
1285	858.4455252918287
1174	897.0813458262351
983	1060.4638860630723
31	2232.1537001897536
821	1381.4287454323996
1686	789.1553973902728
573	1576.6719022687607
138	1882.1422101449277
387	1761.6912144702842
933	1086.0446588067168
1978	648.8650151668352
204	1847.7475490196077
883	1170.1970554926388
9	2519.0546737213404
514	1328.8456549935147
1018	1130.0422396856582
561	1287.1307189542483
636	1519.5959119496856
1728	717.0005787037037
105	1936.3387755102044
1032	941.7940891472867
1456	797.7317994505495
379	1762.1543535620053
915	1184.4194535519125
210	1657.6698412698413
5	2600.277358490566
149	1912.8341323106422
1713	777.4676007005254
1066	937.8616322701689
2761	486.57116986599056
1003	957.9890329012961
641	1379.9370774830995
1128	1123.4964539007092
1579	761.4464851171628
297	1356.3569023569023
339	1566.948377581121
348	1808.5344827586207
716	1361.3275139664806
662	1369.6832829808661
2537	526.6874260938116
1747	708.6680022896394
131	1904.0858778625952
465	1205.9666666666667
1317	845.742596810934
1514	870.7866578599736
691	1476.807525325615
830	1374.6638554216868
1321	890.2710068130204
1788	700.5061521252796
710	1338.381690140845
942	1136.117303609342
207	1741.449275362319
746	1438.1394101876676
528	1609.8863636363635
3	2639.8346666666666
2426	548.3466611706513
642	1518.167445482866
1379	819.0982596084118
1308	896.1465341488278
899	1269.0543196143865
1091	1154.9266727772685
276	1919.605072463768
224	1732.9739583333333
951	1033.1684192078515
89	2000.661316211878
424	1513.3059299191373
527	1616.7134724857685
699	1474.399141630901
350	1792.5266666666666
479	1644.918580375783
1517	869.6572181938036
982	966.6782077393075
1424	865.7426264044943
1268	862.2342271293376
1752	708.1150114155251
239	1741.8577405857739
1160	901.278448275862
546	1379.1501831501832
1280	1010.0445312500001
681	1098.9985315712188
2013	639.8862394436164
1166	1093.0334476843911
587	1458.3713798977853
970	1261.6189690721649
929	1295.4510226049515
2494	535.0108259823577
866	1349.684180138568
753	1060.179282868526
342	1818.295321637427
1587	755.2104599873976
586	1353.3459897610924
1402	874.1868758915834
1145	907.2296943231441
291	1620.3367697594501
1099	922.3630573248407
623	1533.4606741573034
1296	846.7422839506173
2	2654.856617647059
166	2112.977911646586
374	1529.609625668449
499	1417.5791583166333
117	1858.7635327635328
985	1248.1248730964467
654	1305.3761467889908
690	1384.640579710145
1100	1090.299318181818
1403	815.8132573057733
803	1395.457866334579
1329	839.1106094808126
45	2167.8877777777775
1655	736.0894259818731
377	1770.1949602122017
462	1523.5858585858587
1085	930.158064516129
1295	850.7382239382239
1217	879.6244864420706
18	2402.3977777777773
189	1518.3280423280423
1739	712.6216216216217
868	1280.5562211981567
848	1189.7794811320755
137	2017.5905773059058
744	1312.6966845878137
2107	617.3459895586142
1149	1106.6553524804178
2132	611.9713883677298
484	1651.8422865013774
1046	1192.6032504780114
80	2172.13
1841	685.7229766431287
159	1867.6694619147447
307	1339.742671009772
357	1796.8557422969188
242	1699.943181818182
466	1676.4592274678112
1360	914.9813725490195
489	1349.519427402863
113	1904.9918311776714
917	1043.0612504543803
2198	596.4076433121019
844	1195.254739336493
145	2008.7258620689654
106	1974.3097484276732
195	1935.4051282051282
219	1572.530593607306
631	1390.6835710512414
188	1782.464095744681
931	1142.4816058002148
783	1410.7011494252874
2004	669.9585828343313
13	2424.0879120879117
463	1212.4989200863931
935	1212.9403743315509
574	1574.280487804878
383	1271.0613577023498
774	1413.110465116279
2701	496.8922621251388
33	2229.1881313131316
425	1719.3145098039215
2518	530.6135822081017
638	1316.1637931034484
1155	1102.6935064935064
1400	819.1735714285714
436	1703.6530963302753
673	1293.4368499257057
414	1729.0464975845412
769	1055.5110533159948
1237	873.2651576394503
994	1238.6841046277666
273	1901.4908424908426
1023	1161.5814271749755
1666	732.7743097238896
277	1652.2942238267146
404	1732.819306930693
30	2312.670238095238
822	1149.6046228710463
776	1324.715206185567
432	1703.1770833333335
286	1890.4895104895104
504	1643.9285714285713
1152	1038.632523148148
2643	510.4994324631101
618	1330.5590614886733
234	1975.1709401709402
752	1245.1881648936169
924	1065.8906926406926
2054	643.3115871470302
95	2063.1873684210527
477	1652.2075471698113
345	1562.4811594202897
371	1718.4299191374664
502	1637.3642572566876
509	1183.7504911591354
557	1584.190305206463
1063	940.4995296331138
1095	925.5616438356165
391	1754.2058823529412
837	1314.8960573476704
713	1271.6626928471246
129	1825.7596899224807
483	1652.296066252588
410	1736.7416376306621
2098	620.9606768350811
364	1537.4587912087914
689	1479.9457184325108
146	1961.9680365296801
834	1286.863309352518
421	1710.230403800475
144	1873.6145833333333
294	1619.9846938775509
714	1209.1839402427638
63	2152.379188712522
911	1312.226125137212
254	1764.6351706036746
110	1818.7990909090909
1127	1124.9112688553682
1294	927.9744976816074
1339	832.0552651232263
1613	822.0892746435214
4	2613.5583333333334
842	1309.0199920823436
180	1860.9288888888889
2023	638.5086505190311
220	1822.162121212121
1123	1019.3922528940338
382	1772.9892379290281
431	1540.1941221964425
406	1253.5320197044334
912	1312.0904605263158
399	1729.8045112781954
2597	515.3484790142472
1278	854.4350547730829
766	1304.3916449086162
789	1317.0494296577947
913	1310.4351953267615
1117	969.7996866606983
938	988.1439232409382
977	1160.1298191743433
851	1362.276733254994
1976	649.3917004048583
973	1115.909044193217
1662	799.7472924187725
2110	614.491943127962
68	2222.5943627450984
403	1740.3660049627792
522	1529.2394636015326
1635	742.0238532110092
1451	851.5816678152999
186	1844.9838709677417
2389	564.2750104646295
1078	934.7105751391466
1	2781.535519125683
880	1229.4655303030302
727	1454.2984869325996
386	1267.1373056994819
2102	618.7868696479543
247	1865.4473684210525
152	2069.597861842105
191	1945.4293193717276
123	1938.5898004434587
313	1593.3626198083066
743	1253.1332436069988
1375	826.3010909090909
981	1157.21542643561
1101	996.3463518013928
488	1656.610655737705
1093	929.0704483074107
1186	985.843591905565
611	1539.8707037643208
209	1850.9601275917066
750	1064.3913333333333
652	1509.8197852760736
1705	724.1941348973608
519	1611.2793834296724
928	1299.6848060344828
1956	655.0306748466257
2056	653.5603112840467
578	1566.3754325259515
454	1675.533039647577
507	1626.7357001972387
597	1560.5058626465661
875	1208.3181714285713
46	2292.1854219948855
1893	707.51294241944
735	1256.1312925170068
1074	1012.93947858473
39	2202.6456876456873
2637	508.031475161168
619	1329.0593699515348
1082	928.1460258780037
205	1945.080139372822
1164	1094.8861683848797
1005	1230.1512437810945
97	2186.951399116348
1251	865.7394084732214
1055	1059.2691943127961
92	2147.8760869565217
670	1497.5268656716416
680	1091.764705882353
2151	606.7559274755928
1391	880.2102803738318
1004	1229.5727091633466
1042	1113.23320537428
885	1008.419209039548
1075	1168.0148837209304
1619	748.4366893143916
560	1585.674404761905
134	2082.5234541577825
440	1698.8386363636364
11	2468.5795454545446
980	1181.8216836734694
1039	1064.4985563041387
272	1781.8170955882351
853	1022.8147713950761
797	1220.099121706399
846	1020.9397163120567
2280	579.0833333333334
332	1841.9006024096386
1272	857.5235849056603
442	1698.3800904977375
551	1154.2958257713249
908	1222.7260855884203
1347	832.8715664439495
10	2491.9288461538467
47	2097.755319148936
170	1754.3338235294118
1673	730.9647340107591
1532	775.2565274151436
362	1794.5055248618785
1034	1119.4023210831722
1083	1040.7553093259464
476	1658.422268907563
1544	769.1968911917098
954	1075.6747030048919
1092	1153.7307692307693
1675	730.3558208955224
310	1465.3048387096774
682	1491.3724340175952
2357	562.7144675434874
825	1374.918787878788
335	1565.4716417910447
76	1980.563157894737
1745	712.5444126074499
582	1560.8548109965636
736	1072.1766304347825
419	1605.084725536993
1256	866.6050955414013
1558	848.091784338896
1829	687.9458720612356
2119	616.2548371873526
279	1841.0281618023557
1611	750.5599006828057
132	1901.3888888888887
1967	652.2389425521098
232	1614.5545977011495
474	1663.57805907173
624	1531.9711538461538
549	1379.1612021857923
826	1264.5597255851492
975	1141.5782564102565
346	1816.4884393063585
1049	1066.3622497616777
333	1704.7027027027025
616	1529.1282467532467
32	2240.125
1414	869.6520509193776
1488	788.9519489247311
1190	1074.809243697479
1696	784.9109669811321
281	1809.746737841044
1228	875.907980456026
2086	623.9947267497603
729	1323.0713305898491
732	1447.3155737704917
1340	832.9365671641791
940	1136.202659574468
1697	724.6205067766647
368	1282.625
2043	632.9456681350955
1700	723.93
480	1422.8895833333333
930	1234.2513978494624
305	1768.7846994535519
1905	668.3863517060367
2163	606.0633379565419
1473	843.7698574338085
316	1843.006329113924
65	2242.6529914529915
250	1942.44
455	1528.396336996337
2118	616.2079792256845
1539	773.4970760233919
178	1805.1558988764045
1632	813.2745098039215
1740	714.3701149425287
2082	624.7065321805956
707	1465.3538896746818
811	1391.3181257706535
905	1253.5767955801105
1357	960.2498157700811
1830	684.9344262295082
2085	644.7846522781774
1689	727.3214920071048
2175	602.6666666666666
896	1132.2939732142856
1659	736.9095840867993
1245	1034.9132530120482
1586	834.7238335435056
2223	590.8466036887089
1012	1116.1729249011858
266	1925.4924812030076
112	2126.686011904762
325	1839.8415384615384
1932	693.7903726708074
190	1698.4421052631576
36	2223.301971326164
274	1838.5495307612096
275	1756.869090909091
365	1790.1978082191781
70	2076.2556390977447
475	1658.06
2324	569.3240103270224
182	1836.1569858712717
1169	995.1492728828058
1200	882.0425
1302	851.7012288786482
214	1743.2757009345794
319	1743.2683385579937
57	2159.5542264752785
1981	648.4462392730944
600	1552.1144444444444
1327	835.0572720422005
308	1863.6720779220777
37	2210.6679536679535
2310	572.9363636363636
173	1863.1479768786128
979	1111.228804902962
1588	833.9974811083123
338	1650.9013806706114
2388	556.0175879396985
1185	984.2286919831224
1192	1073.6904362416108
467	1443.737687366167
1336	905.6403443113772
1986	648.0805639476334
1597	829.9931120851597
1945	689.4035989717223
187	1522.7807486631016
2047	632.2818759159746
1921	663.8032274856845
1138	904.768453427065
217	1880.1658986175116
964	1266.7178423236514
2316	571.2253886010362
1029	951.3362487852283
1209	883.5074441687345
1677	759.5244484197972
139	2014.7502569373075
696	1472.9468390804598
1492	882.7402815013404
50	2294.0836363636363
255	1888.772549019608
661	1100.4326777609683
124	1928.3870967741934
793	1406.626733921816
1170	1089.5376068376067
2331	567.8783783783783
1094	994.5557586837294
961	1122.4027055150884
622	1534.556270096463
1941	658.8181349819681
283	1640.0750883392225
2784	482.7564655172414
157	1974.0238853503186
111	2033.6426426426424
873	1230.319587628866
62	2209.5387096774193
840	1028.5821428571428
356	1495.3252808988764
852	1362.0093896713615
1276	856.4757053291536
540	1605.8425925925926
788	1405.9238578680204
864	1348.5578703703704
1684	759.729809976247
304	1779.1052631578948
1546	812.6351875808539
765	1243.3065359477125
1129	1121.8848538529671
2125	632.5816470588235
500	1637.749
1842	726.0608034744843
607	1537.1367380560132
667	1297.8815592203898
61	2206.488822652758
1089	1156.1028466483012
2174	602.3132474701011
807	1394.0057827344074
645	1379.4552971576225
792	1284.6872895622894
1356	894.8145280235988
25	2320.744
384	1761.7942708333333
904	1250.5714601769912
470	1518.348936170213
663	1503.7601809954751
704	1468.0014204545455
612	1537.3218954248366
1102	1145.4246823956444
121	2221.66391184573
705	1459.0595744680852
1071	1171.950980392157
1399	816.40886347391
1076	933.5199814126394
2485	536.1867203219316
1300	851.7415384615384
628	1118.157643312102
576	1359.4887152777778
1575	761.3955555555556
1483	791.3587322993931
815	1384.5441717791412
725	1326.2482758620688
877	1229.5906499429875
1177	970.6424808836024
563	1154.8756660746003
693	1278.4466089466089
838	1283.2917661097852
296	1865.6908783783783
2190	598.4922374429224
423	1619.83451536643
263	1732.0850760456274
2661	507.0608793686584
984	1248.0027100271002
1266	861.1303317535545
617	1535.6110210696922
992	1150.047379032258
570	1578.5
798	1398.375939849624
2365	560.0405919661733
2550	524.5996078431373
203	1763.6798029556649
1895	671.7118733509235
1537	816.3370201691607
786	1407.1215012722646
143	1908.5190365190365
412	1403.0137540453077
839	1368.212157330155
747	1440.6251673360107
1269	862.9448384554768
845	1364.7005917159765
1345	839.364312267658
653	1109.5084226646247
889	1324.644544431946
1260	866.3619047619047
2094	620.9694364851958
17	2386.5588235294117
595	1558.361344537815
74	2102.2631578947367
426	1715.8661971830986
552	1596.0054347826087
1678	750.7475168851807
1120	969.0227678571429
1061	937.8162111215834
1569	842.9273422562142
311	1691.7995712754555
1062	937.5597928436912
2166	605.0041551246537
2677	501.0840493089279
29	2250.797701149425
206	1858.3527508090617
487	1193.453798767967
589	1557.2410865874363
2492	535.0397271268058
640	1381.4697916666664
15	2361.5755555555556
1141	899.9938650306749
944	1282.3156779661017
1695	785.3274336283185
434	1708.036866359447
233	1860.3776824034333
1559	766.0821039127646
1307	992.1882172915073
19	2392.8782894736837
2480	537.0745967741935
1288	856.5023291925465
352	1777.03125
919	1307.3253536452667
222	1987.9414414414414
394	1593.9010152284263
14	2442.5645161290317
1361	893.4180749448935
895	1325.2525139664804
216	1599.7534722222222
1353	831.030303030303
2028	637.2416173570019
2527	528.1697665215671
1380	946.1724637681159
988	1103.003036437247
1523	778.7235718975705
849	1363.2143698468788
427	1709.784543325527
855	1243.9649122807018
433	1707.4942263279445
174	2012.3382594417078
535	1163.4915887850468
997	966.3941825476429
1672	731.4090909090909
755	1428.9298013245034
1426	809.7230014025246
1144	1110.6433566433566
194	1870.5103092783504
1398	818.4613733905579
646	1380.3947368421052
2158	615.4191380908248
2128	613.204182330827
1109	1029.7569882777277
902	1156.8242793791574
1184	1016.7474662162161
1438	803.518776077886
1439	804.7755385684503
1504	876.4089095744681
72	2093.8537037037036
360	1793.1722222222222
401	1750.004987531172
1195	888.6167364016736
726	1076.276170798898
156	1891.588827838828
349	1809.512893982808
1261	865.9992069785884
1472	789.4211956521739
103	2072.0409924487594
809	1391.3077873918419
223	1457.3452914798206
2462	541.1714053614947
621	1432.7713365539453
1627	747.5728334357714
2146	627.0125815470643
2513	531.1639474731397
584	1556.732305936073
86	2109.5107334525937
270	1561.5814814814814
2089	622.123025370991
163	1967.998466257669
538	1384.1226765799256
606	1338.2178217821784
598	1556.618171683389
599	1544.2554257095157
669	1395.0265321375186
1608	750.7748756218906
827	1378.2273276904475
553	1154.010849909584
104	1876.7472527472528
2249	585.1400622498888
863	1350.5092699884126
991	1149.5714766229398
1847	697.509474824039
60	2118.3459999999995
914	1230.6829868708971
1406	813.9708392603129
2265	581.5280353200883
1284	931.0954049844237
791	1282.7425200168564
2435	553.7634496919918
1041	1197.640730067243
389	1588.954584404456
941	1187.5249734325187
1478	841.5652909336941
215	1813.2992248062017
450	1692.2140740740742
1507	806.2319177173192
841	1367.3020214030917
2340	565.4329059829059
1070	937.4501557632399
317	1860.3028391167193
728	1455.381868131868
56	2091.2476190476186
559	1574.5438282647585
94	2233.7686170212764
620	1540.1225806451612
874	1258.1298627002288
2930	459.50750853242323
253	1842.3399209486167
986	1105.3781271129142
2060	629.9082524271845
1187	1077.4389216512216
1230	931.7243902439026
632	1520.3544303797469
1648	736.742718446602
1106	919.2061482820976
23	2364.164031620554
2325	569.4094623655914
408	1251.0686274509803
1455	902.9298969072165
1898	670.6633298208641
1253	867.1059457302474
334	1826.3892215568862
1649	738.833232261977
1815	692.0694214876032
351	1299.5868945868947
1335	840.9453183520599
303	1877.6666666666665
879	1335.2707622298067
1354	876.0743476120139
49	2183.862244897959
530	1609.0084905660378
777	1053.1081081081081
282	1892.8572695035461
299	1609.7508361204013
898	1324.6481069042316
2414	551.172328086164
2136	612.2443820224719
520	1392.6057692307693
2699	497.0707669507225
430	1710.4413953488372
208	1638.889423076923
1642	741.3599269183921
295	1877.7084745762713
237	1990.7566807313644
1493	788.1470194239786
1239	868.977602905569
1512	872.5416666666666
523	1620.4569789674952
1112	912.6061151079136
660	1498.6636363636364
943	1162.5117709437964
1263	1022.4631828978622
1277	1012.6331245105716
193	1511.981865284974
243	1788.7860082304526
734	1341.5293888672636
43	2217.9241126070992
610	1543.7770491803278
1896	706.217299578059
2018	640.1112487611497
198	2023.6939393939397
1759	706.5355315520181
1286	857.2076205287714
2263	595.2324348210341
2271	580.6076618229855
1429	805.889433170049
608	1541.5378289473683
378	1473.53544973545
1011	1116.60059347181
438	1229.337899543379
58	2073.4638752052538
927	1299.2135922330096
96	2032.851851851852
1615	748.713931888545
40	2212.5842105263155
336	1645.3908730158728
1007	1092.435203574975
1343	836.5867460908414
252	1772.9087301587304
1891	671.7519830777367
1293	851.2621809744779
1073	1168.6584342963652
262	1578.6164122137404
503	1404.1988071570577
2014	640.9597815292949
413	1741.0121065375304
1331	976.7918858001502
1931	661.8516312791301
506	1631.066205533597
248	1847.068548387097
435	1582.0281609195404
2278	578.6316944688323
258	1834.4627906976743
644	1516.5939440993789
99	1964.6891133557801
594	1552.0942760942762
946	1282.983086680761
1428	805.3361344537815
453	1528.7667402501838
542	1605.2952029520295
494	1421.7236842105262
1208	883.6034768211921
759	1430.6969696969697
1943	690.0635615028307
888	1329.836936936937
1889	671.6251985177342
344	1800.235465116279
1885	673.0514588859417
897	1162.6426978818283
1467	795.6298568507158
135	1908.9814814814813
823	1030.2709599027946
906	1252.7306843267108
261	1823.7356321839081
90	1924.2900000000002
165	2016.329292929293
1051	1186.455756422455
1136	1116.6989436619717
1404	932.4127492877493
1324	911.040407854985
577	1569.838821490468
93	1894.5577956989246
1125	1125.7111111111112
1951	654.0133264992311
3049	442.0190226303706
2497	534.378454144974
671	1335.3254843517138
318	1672.9056603773586
613	1541.5285481239805
1210	883.6644628099174
1551	851.8923275306254
785	1410.4390658174098
2270	581.1255506607929
48	2263.191176470588
960	977.9020833333333
460	1446.1467391304348
1146	1108.9768760907505
918	1306.3721859114019
1244	871.121382636656
2413	550.6394529631165
1072	1012.8501243781094
1306	850.4770290964778
1890	671.7111111111111
971	1260.4117404737385
2035	636.172972972973
1755	708.7891737891738
796	1223.0785175879396
429	1614.3888111888111
59	2131.4209039548023
974	1257.8634496919917
1047	943.5998089780325
501	1632.5788423153692
937	1229.7568836712915
66	2014.4891774891773
709	1370.3832863187588
922	1304.25
396	1750.4116161616162
881	1336.756526674234
932	1143.230686695279
947	1182.9246744104187
771	1271.6767833981842
882	1226.1077097505668
1881	674.9396597554492
857	1185.7298716452742
268	1390.710199004975
271	1919.4354243542437
698	1470.9412607449856
850	1360.8835294117648
154	1929.689935064935
1580	759.9955696202531
451	1371.7642276422764
856	1272.928738317757
230	1442.408695652174
235	1793.295035460993
1000	1233.316
1754	705.3950969213226
236	1845.0561440677966
64	2201.375
712	1082.402036516854
775	1049.4722580645162
890	1328.9962546816478
962	1074.3981288981288
1212	917.7823432343235
2112	636.78125
515	1625.8796116504855
126	1947.4867724867722
564	1578.3111702127658
257	1669.8404669260701
269	1748.4907063197024
457	1687.8331509846826
2242	587.9487065120428
819	1210.1727716727717
1401	846.3467166309779
199	1860.5142378559467
719	1458.8539638386646
2011	642.1715564395823
1795	697.3119777158774
1234	1043.0097244732576
1849	682.0811249323959
2149	608.5351326198232
482	1668.3609958506224
1173	1088.3529411764705
976	1103.887807377049
107	1919.9429906542057
1014	1089.9501972386588
175	2093.438571428572
85	2057.2601307189543
893	1219.7325494587533
278	1688.045323741007
301	1866.9285714285716
541	1383.739371534196
1443	798.2626472626473
1267	1019.370955011839
2209	595.4069714803078
328	1670.716463414634
780	1231.751923076923
1013	1221.5310957551826
1282	857.2932917316692
241	1968.1922544951592
298	1874.7315436241613
1270	862.551968503937
306	1853.2320261437908
1594	831.3055207026349
381	1663.7910761154858
1879	673.9345396487494
221	1893.0244343891402
907	1155.6896361631752
158	1888.77486437613
700	1477
244	1955.2237704918032
816	1387.7132352941176
1140	908.719298245614
411	1725.6879562043796
2044	633.704011741683
2155	606.6375870069605
993	1057.6132930513595
1206	974.7197346600333
531	1387.921845574388
637	1524.8634222919936
245	1868.532993197279
1196	884.2608695652174
1165	1094.14878397711
1197	1069.8972431077693
367	1780.773841961853
1048	1192.2013358778627
1381	822.3316437364228
162	1934.781893004115
952	1275.8676470588234
684	1482.5979532163742
6	2583.235632183908
958	1271.839248434238
1199	917.8601612454822
1254	866.8333333333334
1497	784.6366065464262
415	1489.1951807228916
537	1600.0237430167595
916	1152.0924308588064
900	1321.7266666666667
2442	544.3370188370188
164	1724.4616724738676
763	1332.4809960681519
518	1627.430501930502
625	1120.688
2387	556.4214495182238
1111	970.0742574257426
858	1020.2202797202797
327	1582.8134556574923
757	1429.43857331572
79	2081.4484629294757
1064	1177.2283834586467
1098	1147.7550091074681
2348	573.973594548552
1252	1029.7252396166134
1027	1081.3179162609542
293	1627.254266211604
1366	954.8997071742314
73	1923.9589041095894
1250	1031.2624
814	1213.4465601965603
185	1529.964864864865
871	1178.1205510907002
369	1786.0853658536585
2526	533.9845605700713
1080	1163.8407407407408
459	1675.755991285403
773	1417.6946959896509
828	1027.3719806763286
1040	948.9625
1292	952.717234262126
517	1627.0029013539652
1221	876.8804258804258
284	1726.2417840375585
323	1578.8622291021672
1204	887.5091362126246
784	1401.9400510204082
1389	821.7703383729302
1681	730.3450327186199
497	1640.9396378269616
711	1469.661040787623
686	1352.949465500486
26	2282.9860139860134
1338	972.5485799701046
130	1939.017948717949
949	1130.9394099051633
1618	819.85630407911
1264	864.0363924050633
1917	665.9400104329682
259	1666.6949806949806
1287	854.4996114996115
122	1920.9631147540983
498	1645.0020080321285
302	1347.7400662251655
569	1577.4376098418277
397	1742.6771620486988
800	1278.689583333333
115	2003.1016722408024
1298	851.156779661017
1692	726.6832151300237
16	2413.110294117647
251	1842.0390438247014
264	1869.453125
1019	1216.6918547595683
1176	897.2882653061224
24	2346.3869047619046
1475	841.7452542372881
894	1216.1293810589113
1712	722.1781542056075
446	1692.5997757847533
1279	1010.618451915559
1033	951.1829622458857
972	1259.2654320987654
1053	1186.0503323836658
593	1557.9578414839798
1201	976.3093255620316
609	1338.4474548440066
568	1581.0070422535211
485	1560.5632989690723
1229	873.8405207485761
1142	1008.4875218914186
1639	739.4881025015253
679	1356.7673048600884
260	1937.230769230769
2002	656.6496003996003
28	2266.3095238095243
181	1926.7671665351224
55	1988.5363636363636
1536	860.0611979166666
1304	845.9992331288344
1489	884.6225654801881
1388	820.2298270893372
1836	687.812091503268
2345	565.3019189765458
38	2222.107142857143
1020	1086.2460784313726
1104	1143.346920289855
1565	763.7073482428115
52	2095.423076923077
1491	819.6807511737088
20	2362.4242424242425
1022	957.6311154598826
534	1603.374531835206
1238	913.1165185783522
201	1677.3333333333333
1026	1081.2655945419103
1365	825.8124542124542
1634	743.2258261933905
267	1388.5880149812733
604	1130.9139072847681
1748	710.7065217391304
1077	929.0854224698236
2049	631.2227916056613
81	2059.448559670782
572	1567.1118881118882
1789	699.1537171604248
1068	1093.4085518102372
1640	740.5853658536586
1259	866.325258141382
703	1465.5173067804644
781	1050.6978233034572
41	2213.432926829268
428	1710.3411214953271
717	1461.5857740585775
939	1136.2622470713525
956	1274.1119246861927
160	2010.5037500000003
2535	526.789349112426
1219	883.0032813781788
1036	1116.7200772200772
213	2001.7828638497654
566	1438.047703180212
102	1984.4901960784312
1392	821.2737068965517
53	2209.615094339623
861	1351.9225706542782
1180	892.9220338983051
1171	994.0130230572161
402	1735.3320895522388
418	1565.5972886762358
1132	912.345406360424
249	1735.7148594377509
439	1463.889521640091
1224	878.2892156862745
1319	984.6588324488249
1561	806.2559256886611
228	1833.0908521303256
633	1521.0236966824646
1193	1072.2732606873428
965	1166.7550949913643
2090	620.4186602870814
78	2104.0531135531137
1090	1153.7073394495412
782	1412.9398976982097
315	1874.8857142857144
1069	1172.7489865918303
1806	693.3139534883721
1422	921.6262306610408
762	1335.5803805774278
1510	872.8112582781457
847	1304.2914207005117
1974	679.7183383991895
794	1400.3803526448362
1975	650.2653164556962
1087	1042.5358785648575
155	1986.2983870967741
1134	1119.2636684303352
664	1501.3162650602408
1743	711.2478485370052
119	2099.2268907563025
445	1460.6831460674157
495	1639.0181818181818
1661	800.0788681517158
400	1739.075
87	2022.2040229885058
395	1745.4075949367088
909	1312.961496149615
1243	954.2922365245374
231	1781.1834415584412
555	1592.527927927928
1564	845.9744245524297
326	1773.8922546012273
1464	846.2957650273224
836	1375.6064593301435
817	1150.782129742962
7	2528.256097560974
1570	764.1554140127389
818	1149.542379788101
176	1911.439393939394
12	2441.5030303030303
347	1818.1181556195966
8	2501.152777777778
