0	0
1	183
2	136
3	125
4	90
5	106
6	87
7	82
8	72
9	63
10	52
11	48
12	55
13	42
14	31
15	30
16	34
17	32
18	25
19	16
20	33
21	25
22	26
23	22
24	14
25	15
26	22
27	26
28	42
29	15
30	28
31	17
32	23
33	24
34	25
35	25
36	31
37	21
38	28
39	22
40	19
41	20
42	24
43	19
44	24
45	20
46	17
47	8
48	17
49	8
50	11
51	15
52	20
53	10
54	13
55	12
56	15
57	22
58	21
59	12
60	25
61	11
62	10
63	9
64	10
65	9
66	7
67	10
68	12
69	12
70	19
71	7
72	15
73	11
74	19
75	7
76	10
77	10
78	7
79	7
80	5
81	12
82	6
83	8
84	11
85	9
86	13
87	8
88	9
89	14
90	10
91	11
92	5
93	8
94	8
95	5
96	9
97	7
98	11
99	9
100	12
101	7
102	10
103	9
104	7
105	7
106	6
107	10
108	10
109	15
110	10
111	3
112	6
113	13
114	8
115	13
116	10
117	3
118	5
119	6
120	7
121	3
122	8
123	11
124	8
125	8
126	9
127	3
128	12
129	3
130	9
131	4
132	6
133	6
134	7
135	4
136	5
137	11
138	8
139	7
140	6
141	6
142	7
143	9
144	2
145	4
146	3
147	9
148	4
149	7
150	2
151	9
152	8
153	8
154	8
155	4
156	7
157	4
158	7
159	9
160	5
161	9
162	3
163	4
164	7
165	6
166	3
167	4
168	7
169	5
170	8
171	2
172	3
173	10
174	7
175	4
176	3
177	1
178	4
179	7
180	5
181	7
182	7
183	4
184	4
185	2
186	5
187	1
188	4
189	3
190	5
191	9
192	3
193	2
194	3
195	5
196	5
197	4
198	5
199	6
200	2
201	6
202	9
203	2
204	6
205	7
206	3
207	2
208	7
209	3
210	3
211	2
212	7
213	8
214	6
215	3
216	4
217	4
218	5
219	5
220	3
221	5
222	2
223	1
224	6
225	2
226	3
227	3
228	7
229	7
230	1
231	8
232	3
233	9
234	1
235	3
236	4
237	3
238	3
239	7
240	4
241	3
242	4
243	3
244	5
245	12
246	2
247	6
248	5
249	5
250	2
251	5
252	3
253	6
254	6
255	10
256	5
257	2
258	5
259	2
260	2
261	5
262	6
263	8
264	8
265	8
266	3
267	1
268	3
269	3
270	3
271	3
272	4
273	2
274	7
275	7
276	1
277	2
278	5
279	7
280	2
281	6
282	4
283	4
284	3
285	3
286	2
287	0
288	1
289	3
290	1
291	4
292	4
293	2
294	2
295	3
296	2
297	1
298	3
299	2
300	0
301	4
302	2
303	2
304	6
305	6
306	3
307	1
308	5
309	2
310	4
311	3
312	6
313	2
314	0
315	2
316	2
317	2
318	3
319	5
320	3
321	2
322	7
323	2
324	4
325	4
326	8
327	2
328	3
329	3
330	2
331	2
332	1
333	4
334	1
335	4
336	3
337	3
338	3
339	2
340	0
341	0
342	2
343	3
344	2
345	2
346	2
347	1
348	2
349	1
350	3
351	2
352	2
353	1
354	0
355	0
356	5
357	4
358	4
359	3
360	2
361	0
362	2
363	0
364	2
365	5
366	5
367	1
368	2
369	2
370	2
371	8
372	2
373	2
374	2
375	1
376	0
377	2
378	5
379	4
380	1
381	5
382	9
383	2
384	1
385	1
386	1
387	2
388	0
389	3
390	2
391	2
392	1
393	0
394	3
395	1
396	1
397	6
398	1
399	1
400	1
401	1
402	2
403	2
404	2
405	0
406	1
407	5
408	1
409	5
410	14
411	4
412	3
413	1
414	4
415	2
416	2
417	1
418	3
419	4
420	3
421	2
422	5
423	5
424	7
425	3
426	3
427	1
428	1
429	5
430	5
431	3
432	2
433	3
434	2
435	4
436	4
437	1
438	1
439	2
440	1
441	0
442	2
443	2
444	0
445	2
446	2
447	1
448	0
449	2
450	3
451	3
452	2
453	3
454	2
455	3
456	0
457	8
458	2
459	2
460	4
461	0
462	3
463	1
464	1
465	2
466	1
467	2
468	1
469	3
470	3
471	0
472	2
473	1
474	1
475	2
476	1
477	1
478	0
479	1
480	2
481	0
482	2
483	1
484	3
485	5
486	0
487	1
488	1
489	3
490	1
491	1
492	0
493	0
494	2
495	1
496	0
497	2
498	2
499	2
500	2
501	1
502	7
503	2
504	1
505	2
506	2
507	1
508	0
509	2
510	0
511	0
512	0
513	3
514	3
515	1
516	0
517	2
518	1
519	1
520	2
521	2
522	5
523	2
524	2
525	2
526	1
527	1
528	2
529	0
530	2
531	2
532	0
533	0
534	1
535	1
536	1
537	4
538	2
539	0
540	2
541	2
542	1
543	1
544	1
545	3
546	2
547	1
548	0
549	2
550	2
551	1
552	2
553	1
554	3
555	1
556	0
557	1
558	0
559	1
560	3
561	3
562	3
563	1
564	2
565	7
566	3
567	0
568	1
569	1
570	1
571	0
572	2
573	2
574	1
575	1
576	2
577	1
578	1
579	1
580	0
581	1
582	2
583	0
584	3
585	4
586	4
587	4
588	0
589	1
590	1
591	0
592	4
593	1
594	2
595	1
596	3
597	1
598	3
599	1
600	3
601	2
602	0
603	3
604	2
605	4
606	2
607	2
608	2
609	2
610	1
611	1
612	1
613	3
614	1
615	1
616	1
617	3
618	2
619	4
620	1
621	4
622	1
623	1
624	1
625	1
626	1
627	1
628	1
629	1
630	1
631	3
632	1
633	1
634	0
635	2
636	3
637	1
638	2
639	1
640	3
641	3
642	2
643	2
644	2
645	3
646	3
647	2
648	1
649	2
650	0
651	2
652	2
653	1
654	2
655	0
656	4
657	1
658	0
659	2
660	1
661	1
662	3
663	3
664	4
665	2
666	2
667	2
668	3
669	4
670	2
671	5
672	4
673	2
674	4
675	0
676	0
677	7
678	2
679	3
680	2
681	1
682	1
683	1
684	2
685	5
686	3
687	1
688	0
689	5
690	4
691	3
692	1
693	2
694	3
695	6
696	1
697	2
698	1
699	3
700	1
701	2
702	2
703	3
704	1
705	1
706	0
707	5
708	1
709	4
710	3
711	1
712	4
713	2
714	3
715	5
716	4
717	1
718	0
719	2
720	0
721	2
722	7
723	1
724	2
725	3
726	2
727	1
728	1
729	3
730	0
731	1
732	1
733	0
734	7
735	2
736	2
737	1
738	6
739	0
740	5
741	3
742	3
743	2
744	3
745	1
746	3
747	1
748	1
749	0
750	2
751	2
752	2
753	1
754	0
755	1
756	0
757	2
758	3
759	1
760	1
761	2
762	4
763	8
764	0
765	2
766	3
767	0
768	2
769	1
770	2
771	5
772	0
773	4
774	2
775	1
776	4
777	1
778	4
779	1
780	2
781	1
782	2
783	2
784	1
785	3
786	2
787	3
788	1
789	4
790	0
791	3
792	3
793	1
794	2
795	0
796	2
797	2
798	1
799	0
800	3
801	3
802	3
803	3
804	2
805	0
806	3
807	3
808	2
809	1
810	3
811	3
812	3
813	3
814	2
815	2
816	1
817	3
818	3
819	2
820	0
821	4
822	3
823	1
824	0
825	1
826	3
827	1
828	1
829	0
830	3
831	0
832	4
833	1
834	4
835	0
836	1
837	6
838	4
839	1
840	1
841	1
842	6
843	3
844	4
845	3
846	1
847	6
848	2
849	4
850	1
851	2
852	1
853	1
854	0
855	3
856	4
857	4
858	1
859	2
860	3
861	3
862	2
863	4
864	1
865	0
866	2
867	1
868	5
869	4
870	1
871	2
872	1
873	3
874	4
875	5
876	0
877	3
878	4
879	2
880	3
881	2
882	3
883	2
884	2
885	1
886	1
887	2
888	5
889	1
890	3
891	0
892	0
893	6
894	3
895	1
896	5
897	2
898	1
899	6
900	4
901	1
902	2
903	2
904	5
905	5
906	5
907	4
908	7
909	4
910	8
911	1
912	2
913	3
914	4
915	5
916	6
917	6
918	3
919	1
920	1
921	5
922	2
923	0
924	4
925	0
926	0
927	1
928	2
929	2
930	5
931	8
932	2
933	3
934	0
935	4
936	2
937	5
938	1
939	4
940	2
941	3
942	2
943	5
944	1
945	5
946	1
947	3
948	2
949	2
950	5
951	6
952	1
953	4
954	3
955	2
956	2
957	4
958	1
959	4
960	1
961	2
962	3
963	4
964	1
965	3
966	5
967	6
968	2
969	5
970	5
971	5
972	2
973	2
974	1
975	5
976	2
977	6
978	5
979	2
980	4
981	3
982	1
983	3
984	3
985	2
986	6
987	2
988	2
989	2
990	4
991	3
992	3
993	3
994	1
995	4
996	0
997	1
998	2
999	2
1000	1
1001	1
1002	2
1003	1
1004	4
1005	1
1006	2
1007	4
1008	4
1009	4
1010	0
1011	5
1012	5
1013	1
1014	2
1015	0
1016	1
1017	0
1018	3
1019	1
1020	2
1021	0
1022	1
1023	5
1024	3
1025	2
1026	2
1027	2
1028	0
1029	1
1030	0
1031	0
1032	2
1033	1
1034	3
1035	0
1036	3
1037	1
1038	0
1039	2
1040	1
1041	1
1042	3
1043	0
1044	1
1045	1
1046	1
1047	1
1048	1
1049	2
1050	0
1051	2
1052	0
1053	2
1054	4
1055	2
1056	0
1057	2
1058	2
1059	2
1060	3
1061	1
1062	2
1063	2
1064	1
1065	1
1066	2
1067	0
1068	3
1069	3
1070	3
1071	2
1072	3
1073	2
1074	3
1075	2
1076	2
1077	1
1078	2
1079	0
1080	1
1081	0
1082	1
1083	2
1084	1
1085	2
1086	3
1087	2
1088	0
1089	1
1090	1
1091	4
1092	1
1093	1
1094	3
1095	1
1096	3
1097	1
1098	1
1099	1
1100	4
1101	3
1102	1
1103	0
1104	1
1105	3
1106	1
1107	0
1108	2
1109	2
1110	0
1111	4
1112	2
1113	0
1114	0
1115	0
1116	0
1117	4
1118	0
1119	0
1120	4
1121	0
1122	0
1123	2
1124	0
1125	1
1126	3
1127	1
1128	1
1129	1
1130	3
1131	1
1132	2
1133	2
1134	1
1135	2
1136	1
1137	2
1138	2
1139	1
1140	1
1141	1
1142	4
1143	1
1144	1
1145	1
1146	2
1147	0
1148	0
1149	1
1150	0
1151	0
1152	3
1153	0
1154	1
1155	1
1156	0
1157	0
1158	0
1159	4
1160	1
1161	0
1162	1
1163	3
1164	2
1165	3
1166	1
1167	1
1168	2
1169	2
1170	2
1171	4
1172	0
1173	1
1174	2
1175	0
1176	1
1177	5
1178	0
1179	0
1180	1
1181	2
1182	2
1183	0
1184	3
1185	2
1186	2
1187	1
1188	0
1189	1
1190	1
1191	0
1192	1
1193	1
1194	0
1195	1
1196	1
1197	1
1198	0
1199	6
1200	3
1201	2
1202	0
1203	0
1204	1
1205	0
1206	2
1207	0
1208	1
1209	2
1210	1
1211	2
1212	5
1213	0
1214	2
1215	0
1216	0
1217	1
1218	1
1219	1
1220	0
1221	1
1222	0
1223	0
1224	1
1225	1
1226	0
1227	0
1228	1
1229	1
1230	3
1231	0
1232	0
1233	0
1234	1
1235	0
1236	2
1237	1
1238	4
1239	4
1240	0
1241	1
1242	1
1243	4
1244	1
1245	1
1246	0
1247	0
1248	0
1249	0
1250	1
1251	1
1252	1
1253	4
1254	1
1255	1
1256	1
1257	2
1258	0
1259	2
1260	1
1261	1
1262	1
1263	2
1264	1
1265	0
1266	1
1267	1
1268	1
1269	2
1270	1
1271	0
1272	2
1273	2
1274	1
1275	2
1276	1
1277	2
1278	1
1279	2
1280	2
1281	0
1282	1
1283	0
1284	2
1285	2
1286	1
1287	3
1288	1
1289	0
1290	0
1291	1
1292	3
1293	1
1294	2
1295	1
1296	2
1297	0
1298	2
1299	0
1300	1
1301	1
1302	1
1303	0
1304	1
1305	0
1306	1
1307	1
1308	3
1309	0
1310	2
1311	0
1312	0
1313	0
1314	0
1315	2
1316	1
1317	1
1318	1
1319	1
1320	0
1321	3
1322	0
1323	3
1324	2
1325	0
1326	0
1327	1
1328	2
1329	1
1330	0
1331	1
1332	0
1333	0
1334	0
1335	1
1336	2
1337	1
1338	1
1339	1
1340	2
1341	0
1342	1
1343	1
1344	0
1345	1
1346	1
1347	1
1348	0
1349	1
1350	0
1351	1
1352	0
1353	1
1354	3
1355	0
1356	2
1357	2
1358	1
1359	0
1360	3
1361	2
1362	0
1363	0
1364	0
1365	1
1366	1
1367	2
1368	0
1369	0
1370	0
1371	0
1372	0
1373	0
1374	0
1375	1
1376	0
1377	0
1378	0
1379	2
1380	1
1381	1
1382	3
1383	0
1384	0
1385	0
1386	0
1387	0
1388	1
1389	1
1390	0
1391	2
1392	1
1393	1
1394	0
1395	1
1396	1
1397	0
1398	1
1399	1
1400	1
1401	4
1402	2
1403	2
1404	2
1405	0
1406	2
1407	0
1408	0
1409	0
1410	3
1411	0
1412	0
1413	0
1414	2
1415	4
1416	3
1417	1
1418	0
1419	0
1420	0
1421	0
1422	2
1423	0
1424	2
1425	0
1426	1
1427	0
1428	1
1429	2
1430	0
1431	1
1432	0
1433	0
1434	1
1435	0
1436	0
1437	0
1438	1
1439	1
1440	0
1441	0
1442	0
1443	1
1444	2
1445	2
1446	0
1447	0
1448	0
1449	1
1450	0
1451	2
1452	0
1453	0
1454	0
1455	1
1456	2
1457	0
1458	0
1459	0
1460	1
1461	0
1462	0
1463	3
1464	2
1465	0
1466	0
1467	1
1468	0
1469	0
1470	0
1471	0
1472	1
1473	2
1474	1
1475	4
1476	0
1477	0
1478	2
1479	0
1480	0
1481	0
1482	0
1483	1
1484	0
1485	0
1486	0
1487	0
1488	2
1489	1
1490	2
1491	3
1492	2
1493	2
1494	0
1495	0
1496	0
1497	1
1498	0
1499	0
1500	0
1501	0
1502	0
1503	0
1504	1
1505	0
1506	0
1507	4
1508	1
1509	1
1510	2
1511	0
1512	1
1513	0
1514	1
1515	0
1516	0
1517	1
1518	0
1519	1
1520	1
1521	1
1522	0
1523	1
1524	0
1525	0
1526	3
1527	0
1528	0
1529	0
1530	0
1531	0
1532	1
1533	0
1534	0
1535	0
1536	1
1537	2
1538	0
1539	1
1540	0
1541	0
1542	0
1543	0
1544	1
1545	1
1546	2
1547	0
1548	0
1549	0
1550	0
1551	1
1552	0
1553	2
1554	2
1555	0
1556	0
1557	0
1558	1
1559	1
1560	0
1561	2
1562	0
1563	0
1564	1
1565	1
1566	0
1567	0
1568	0
1569	1
1570	1
1571	0
1572	0
1573	0
1574	0
1575	1
1576	0
1577	0
1578	0
1579	1
1580	1
1581	0
1582	0
1583	0
1584	0
1585	0
1586	1
1587	1
1588	2
1589	0
1590	2
1591	0
1592	0
1593	0
1594	1
1595	0
1596	0
1597	2
1598	0
1599	0
1600	1
1601	0
1602	0
1603	0
1604	0
1605	0
1606	0
1607	0
1608	1
1609	0
1610	0
1611	1
1612	0
1613	1
1614	0
1615	1
1616	0
1617	0
1618	2
1619	1
1620	0
1621	0
1622	0
1623	0
1624	1
1625	0
1626	0
1627	1
1628	0
1629	1
1630	0
1631	2
1632	1
1633	0
1634	1
1635	1
1636	0
1637	1
1638	0
1639	1
1640	1
1641	0
1642	2
1643	0
1644	0
1645	0
1646	1
1647	0
1648	1
1649	1
1650	0
1651	0
1652	0
1653	1
1654	3
1655	1
1656	0
1657	0
1658	0
1659	1
1660	0
1661	1
1662	1
1663	0
1664	1
1665	0
1666	1
1667	0
1668	0
1669	0
1670	0
1671	0
1672	1
1673	1
1674	0
1675	1
1676	0
1677	2
1678	3
1679	0
1680	0
1681	1
1682	1
1683	0
1684	2
1685	0
1686	1
1687	0
1688	1
1689	1
1690	0
1691	0
1692	1
1693	0
1694	1
1695	1
1696	1
1697	1
1698	0
1699	0
1700	1
1701	0
1702	0
1703	0
1704	0
1705	1
1706	0
1707	0
1708	0
1709	0
1710	0
1711	0
1712	1
1713	1
1714	0
1715	0
1716	0
1717	0
1718	0
1719	0
1720	0
1721	0
1722	0
1723	1
1724	1
1725	0
1726	0
1727	0
1728	1
1729	0
1730	1
1731	0
1732	0
1733	0
1734	0
1735	2
1736	0
1737	0
1738	0
1739	2
1740	1
1741	0
1742	0
1743	1
1744	0
1745	1
1746	0
1747	1
1748	1
1749	0
1750	0
1751	0
1752	2
1753	0
1754	1
1755	1
1756	0
1757	0
1758	0
1759	1
1760	0
1761	0
1762	0
1763	0
1764	0
1765	0
1766	0
1767	1
1768	0
1769	0
1770	0
1771	0
1772	0
1773	0
1774	0
1775	0
1776	0
1777	0
1778	0
1779	0
1780	0
1781	0
1782	0
1783	0
1784	0
1785	1
1786	0
1787	0
1788	1
1789	2
1790	0
1791	0
1792	0
1793	0
1794	0
1795	1
1796	1
1797	0
1798	0
1799	0
1800	0
1801	0
1802	1
1803	0
1804	0
1805	0
1806	1
1807	0
1808	0
1809	1
1810	0
1811	0
1812	0
1813	0
1814	0
1815	2
1816	0
1817	0
1818	0
1819	0
1820	0
1821	0
1822	1
1823	0
1824	0
1825	0
1826	0
1827	0
1828	0
1829	1
1830	2
1831	0
1832	0
1833	0
1834	0
1835	0
1836	1
1837	0
1838	0
1839	0
1840	0
1841	1
1842	1
1843	0
1844	0
1845	0
1846	0
1847	3
1848	0
1849	1
1850	0
1851	0
1852	0
1853	0
1854	1
1855	3
1856	0
1857	0
1858	0
1859	0
1860	0
1861	0
1862	0
1863	0
1864	0
1865	1
1866	0
1867	0
1868	0
1869	0
1870	0
1871	1
1872	0
1873	0
1874	0
1875	0
1876	0
1877	0
1878	1
1879	1
1880	0
1881	2
1882	0
1883	0
1884	0
1885	1
1886	0
1887	0
1888	0
1889	1
1890	1
1891	2
1892	0
1893	1
1894	1
1895	1
1896	1
1897	0
1898	1
1899	1
1900	0
1901	0
1902	0
1903	0
1904	0
1905	1
1906	0
1907	0
1908	1
1909	0
1910	0
1911	1
1912	0
1913	1
1914	0
1915	0
1916	0
1917	1
1918	0
1919	0
1920	0
1921	1
1922	0
1923	0
1924	0
1925	0
1926	0
1927	0
1928	0
1929	0
1930	0
1931	2
1932	1
1933	0
1934	0
1935	0
1936	0
1937	2
1938	0
1939	0
1940	0
1941	1
1942	0
1943	2
1944	0
1945	1
1946	0
1947	0
1948	0
1949	0
1950	0
1951	3
1952	0
1953	0
1954	0
1955	0
1956	1
1957	0
1958	0
1959	0
1960	0
1961	0
1962	0
1963	0
1964	0
1965	0
1966	0
1967	1
1968	0
1969	0
1970	0
1971	0
1972	0
1973	0
1974	1
1975	1
1976	1
1977	0
1978	2
1979	0
1980	0
1981	1
1982	0
1983	0
1984	0
1985	0
1986	1
1987	0
1988	0
1989	0
1990	0
1991	1
1992	0
1993	1
1994	0
1995	0
1996	0
1997	0
1998	0
1999	0
2000	0
2001	0
2002	2
2003	0
2004	1
2005	0
2006	0
2007	0
2008	0
2009	0
2010	1
2011	1
2012	0
2013	2
2014	1
2015	0
2016	0
2017	0
2018	2
2019	0
2020	0
2021	0
2022	2
2023	1
2024	1
2025	0
2026	0
2027	0
2028	1
2029	0
2030	0
2031	0
2032	0
2033	0
2034	0
2035	1
2036	0
2037	1
2038	0
2039	0
2040	0
2041	0
2042	0
2043	1
2044	1
2045	0
2046	0
2047	1
2048	0
2049	2
2050	0
2051	0
2052	0
2053	0
2054	2
2055	0
2056	1
2057	0
2058	0
2059	0
2060	1
2061	1
2062	0
2063	0
2064	0
2065	0
2066	0
2067	0
2068	0
2069	0
2070	0
2071	1
2072	0
2073	0
2074	1
2075	0
2076	0
2077	0
2078	1
2079	0
2080	0
2081	0
2082	2
2083	0
2084	0
2085	1
2086	1
2087	0
2088	0
2089	1
2090	1
2091	0
2092	0
2093	0
2094	1
2095	0
2096	0
2097	1
2098	2
2099	0
2100	0
2101	0
2102	1
2103	0
2104	0
2105	0
2106	0
2107	1
2108	0
2109	0
2110	1
2111	0
2112	1
2113	0
2114	0
2115	0
2116	0
2117	0
2118	2
2119	1
2120	0
2121	0
2122	0
2123	0
2124	1
2125	1
2126	0
2127	0
2128	2
2129	0
2130	0
2131	1
2132	1
2133	0
2134	0
2135	0
2136	1
2137	0
2138	0
2139	1
2140	0
2141	0
2142	0
2143	0
2144	0
2145	0
2146	1
2147	0
2148	2
2149	1
2150	0
2151	1
2152	0
2153	0
2154	0
2155	2
2156	0
2157	0
2158	2
2159	2
2160	0
2161	0
2162	0
2163	1
2164	0
2165	0
2166	1
2167	0
2168	1
2169	0
2170	0
2171	1
2172	0
2173	0
2174	1
2175	1
2176	0
2177	0
2178	0
2179	0
2180	0
2181	0
2182	0
2183	0
2184	0
2185	0
2186	0
2187	0
2188	0
2189	0
2190	1
2191	0
2192	0
2193	0
2194	0
2195	0
2196	0
2197	1
2198	1
2199	0
2200	0
2201	0
2202	0
2203	0
2204	0
2205	0
2206	0
2207	1
2208	1
2209	1
2210	0
2211	0
2212	0
2213	0
2214	0
2215	0
2216	0
2217	0
2218	0
2219	0
2220	0
2221	0
2222	0
2223	1
2224	1
2225	0
2226	0
2227	0
2228	0
2229	0
2230	0
2231	0
2232	0
2233	0
2234	0
2235	0
2236	0
2237	0
2238	0
2239	1
2240	0
2241	0
2242	1
2243	0
2244	0
2245	0
2246	0
2247	0
2248	0
2249	1
2250	0
2251	0
2252	0
2253	0
2254	0
2255	0
2256	0
2257	0
2258	0
2259	0
2260	0
2261	1
2262	0
2263	1
2264	0
2265	1
2266	0
2267	0
2268	0
2269	0
2270	1
2271	1
2272	0
2273	0
2274	0
2275	0
2276	0
2277	2
2278	1
2279	0
2280	1
2281	0
2282	0
2283	0
2284	0
2285	0
2286	0
2287	0
2288	0
2289	0
2290	0
2291	0
2292	0
2293	0
2294	0
2295	0
2296	0
2297	0
2298	0
2299	0
2300	0
2301	0
2302	0
2303	0
2304	0
2305	0
2306	0
2307	0
2308	0
2309	0
2310	1
2311	0
2312	0
2313	0
2314	0
2315	0
2316	1
2317	0
2318	0
2319	0
2320	0
2321	0
2322	2
2323	0
2324	1
2325	1
2326	0
2327	0
2328	0
2329	0
2330	0
2331	2
2332	0
2333	0
2334	0
2335	0
2336	0
2337	0
2338	0
2339	0
2340	1
2341	0
2342	0
2343	0
2344	0
2345	1
2346	0
2347	0
2348	1
2349	0
2350	0
2351	0
2352	0
2353	0
2354	0
2355	0
2356	0
2357	1
2358	0
2359	0
2360	0
2361	0
2362	0
2363	0
2364	0
2365	1
2366	0
2367	1
2368	0
2369	0
2370	0
2371	1
2372	0
2373	0
2374	0
2375	0
2376	0
2377	0
2378	0
2379	0
2380	0
2381	0
2382	0
2383	0
2384	0
2385	0
2386	0
2387	1
2388	1
2389	1
2390	0
2391	0
2392	0
2393	0
2394	0
2395	0
2396	0
2397	0
2398	0
2399	0
2400	0
2401	0
2402	0
2403	0
2404	0
2405	0
2406	0
2407	0
2408	0
2409	0
2410	0
2411	0
2412	0
2413	1
2414	1
2415	0
2416	0
2417	0
2418	0
2419	0
2420	0
2421	0
2422	0
2423	0
2424	0
2425	0
2426	1
2427	0
2428	0
2429	0
2430	0
2431	0
2432	0
2433	0
2434	0
2435	1
2436	0
2437	0
2438	0
2439	0
2440	0
2441	0
2442	1
2443	0
2444	1
2445	0
2446	0
2447	0
2448	0
2449	0
2450	0
2451	0
2452	0
2453	0
2454	0
2455	0
2456	0
2457	0
2458	0
2459	0
2460	0
2461	0
2462	1
2463	1
2464	0
2465	0
2466	0
2467	0
2468	0
2469	0
2470	0
2471	0
2472	0
2473	0
2474	0
2475	0
2476	0
2477	0
2478	0
2479	0
2480	1
2481	0
2482	0
2483	1
2484	0
2485	1
2486	0
2487	0
2488	0
2489	0
2490	0
2491	0
2492	1
2493	0
2494	1
2495	0
2496	0
2497	1
2498	0
2499	0
2500	0
2501	0
2502	0
2503	0
2504	1
2505	0
2506	0
2507	0
2508	0
2509	0
2510	0
2511	0
2512	0
2513	1
2514	0
2515	0
2516	0
2517	0
2518	1
2519	0
2520	0
2521	0
2522	0
2523	0
2524	0
2525	0
2526	1
2527	1
2528	0
2529	0
2530	0
2531	0
2532	0
2533	0
2534	0
2535	2
2536	0
2537	1
2538	1
2539	0
2540	0
2541	0
2542	0
2543	0
2544	0
2545	0
2546	0
2547	0
2548	0
2549	0
2550	1
2551	0
2552	0
2553	0
2554	0
2555	0
2556	0
2557	0
2558	0
2559	0
2560	0
2561	0
2562	0
2563	0
2564	0
2565	0
2566	0
2567	0
2568	1
2569	0
2570	0
2571	0
2572	0
2573	0
2574	0
2575	0
2576	0
2577	0
2578	0
2579	0
2580	0
2581	0
2582	0
2583	0
2584	1
2585	0
2586	0
2587	0
2588	0
2589	0
2590	0
2591	0
2592	0
2593	0
2594	0
2595	0
2596	0
2597	1
2598	0
2599	0
2600	0
2601	0
2602	0
2603	0
2604	0
2605	0
2606	0
2607	0
2608	0
2609	0
2610	0
2611	0
2612	0
2613	0
2614	0
2615	0
2616	0
2617	0
2618	0
2619	0
2620	0
2621	0
2622	0
2623	0
2624	0
2625	0
2626	0
2627	0
2628	0
2629	0
2630	0
2631	0
2632	0
2633	0
2634	1
2635	0
2636	0
2637	1
2638	0
2639	0
2640	0
2641	0
2642	0
2643	1
2644	0
2645	0
2646	0
2647	0
2648	0
2649	0
2650	0
2651	0
2652	0
2653	0
2654	0
2655	0
2656	0
2657	0
2658	0
2659	0
2660	0
2661	1
2662	0
2663	0
2664	0
2665	0
2666	0
2667	0
2668	0
2669	0
2670	0
2671	0
2672	0
2673	0
2674	0
2675	0
2676	0
2677	1
2678	0
2679	0
2680	0
2681	0
2682	0
2683	0
2684	0
2685	0
2686	0
2687	0
2688	0
2689	0
2690	0
2691	0
2692	0
2693	0
2694	0
2695	0
2696	0
2697	0
2698	0
2699	1
2700	0
2701	1
2702	0
2703	0
2704	0
2705	0
2706	0
2707	0
2708	0
2709	0
2710	0
2711	0
2712	0
2713	0
2714	0
2715	1
2716	0
2717	0
2718	0
2719	0
2720	0
2721	0
2722	0
2723	0
2724	0
2725	0
2726	0
2727	0
2728	0
2729	0
2730	0
2731	0
2732	0
2733	0
2734	0
2735	0
2736	0
2737	0
2738	0
2739	0
2740	0
2741	0
2742	0
2743	0
2744	0
2745	0
2746	0
2747	0
2748	0
2749	0
2750	0
2751	0
2752	0
2753	0
2754	0
2755	0
2756	0
2757	0
2758	0
2759	0
2760	0
2761	1
2762	0
2763	0
2764	0
2765	0
2766	0
2767	0
2768	0
2769	0
2770	0
2771	0
2772	0
2773	0
2774	0
2775	0
2776	0
2777	0
2778	0
2779	0
2780	0
2781	0
2782	0
2783	0
2784	1
2785	0
2786	0
2787	0
2788	0
2789	0
2790	0
2791	0
2792	0
2793	0
2794	0
2795	0
2796	0
2797	0
2798	0
2799	0
2800	0
2801	0
2802	0
2803	0
2804	0
2805	0
2806	0
2807	0
2808	0
2809	0
2810	0
2811	0
2812	0
2813	0
2814	0
2815	0
2816	0
2817	0
2818	0
2819	0
2820	0
2821	0
2822	0
2823	0
2824	0
2825	0
2826	0
2827	0
2828	0
2829	0
2830	0
2831	0
2832	0
2833	0
2834	0
2835	0
2836	0
2837	0
2838	0
2839	0
2840	0
2841	0
2842	0
2843	0
2844	0
2845	0
2846	0
2847	0
2848	0
2849	0
2850	0
2851	0
2852	0
2853	0
2854	0
2855	0
2856	0
2857	0
2858	0
2859	0
2860	0
2861	0
2862	0
2863	0
2864	0
2865	0
2866	0
2867	0
2868	0
2869	0
2870	0
2871	0
2872	0
2873	0
2874	0
2875	0
2876	0
2877	0
2878	0
2879	0
2880	0
2881	0
2882	0
2883	0
2884	0
2885	0
2886	0
2887	0
2888	0
2889	0
2890	0
2891	0
2892	0
2893	0
2894	0
2895	0
2896	0
2897	0
2898	0
2899	0
2900	0
2901	0
2902	0
2903	0
2904	0
2905	0
2906	0
2907	0
2908	0
2909	0
2910	0
2911	0
2912	0
2913	0
2914	0
2915	0
2916	0
2917	0
2918	0
2919	0
2920	0
2921	0
2922	0
2923	0
2924	0
2925	0
2926	0
2927	0
2928	0
2929	0
2930	1
2931	0
2932	0
2933	0
2934	0
2935	0
2936	0
2937	0
2938	0
2939	0
2940	0
2941	0
2942	0
2943	0
2944	0
2945	0
2946	0
2947	0
2948	0
2949	0
2950	0
2951	0
2952	0
2953	0
2954	0
2955	0
2956	0
2957	0
2958	0
2959	0
2960	0
2961	0
2962	0
2963	0
2964	0
2965	0
2966	0
2967	0
2968	0
2969	0
2970	0
2971	0
2972	0
2973	0
2974	0
2975	0
2976	0
2977	0
2978	0
2979	0
2980	0
2981	0
2982	0
2983	0
2984	0
2985	0
2986	0
2987	0
2988	0
2989	0
2990	0
2991	0
2992	0
2993	0
2994	0
2995	0
2996	0
2997	0
2998	0
2999	0
3000	0
3001	0
3002	0
3003	0
3004	0
3005	0
3006	0
3007	0
3008	0
3009	0
3010	0
3011	0
3012	0
3013	0
3014	0
3015	0
3016	0
3017	0
3018	0
3019	0
3020	0
3021	0
3022	0
3023	0
3024	0
3025	0
3026	0
3027	0
3028	0
3029	0
3030	0
3031	0
3032	0
3033	0
3034	0
3035	0
3036	0
3037	0
3038	0
3039	0
3040	0
3041	0
3042	0
3043	0
3044	0
3045	0
3046	0
3047	0
3048	0
3049	1
3050	1
